240002
240001
240003
213003
213002
213006
213001
000639
213007
213917
213010
213008
000084
000085
050012
050014
050008
050016
050116
050022
050201
050001
050004
000178
000264
050007
050013
050024
159908
050021
000280
000281
050010
050023
050123
050106
050006
050009
050027
050011
050111
050018
050026
050002
160514
000219
160505
050019
050119
160512
720003
720002
720001
000042
000017
000496
740001
740101
200007
200016
200013
200113
200011
162006
200001
000030
200002
000649
162010
200008
200010
200009
200006
000339
200015
200012
080001
000354
080002
000050
000052
080012
000063
510081
000534
000535
160807
080003
080005
000598
519039
160809
160808
150064
150065
080009
080010
080008
080007
080015
160805
000684
510080
519100
519971
519987
519994
519977
519976
519989
163004
519983
519979
519991
519996
519993
519985
163001
090013
090006
090007
160910
090011
519300
519017
090001
090004
000128
000129
090019
000130
000131
000152
000153
519019
000695
090017
090003
000587
090015
090008
090012
090018
090009
160916
090002
092002
160918
090020
090010
090016
770001
400020
400013
400007
400023
400011
000480
400003
400022
400001
400016
400009
400025
400018
400015
000531
582003
165807
580001
580002
580005
580009
165806
580008
580007
580006
580003
582001
582201
165809
585001
730001
730002
710002
000755
000284
000285
710001
710301
710302
450010
450007
450002
450008
000761
000065
450003
450005
450006
450004
450011
450001
450009
487021
487016
000045
000046
481008
481001
481006
481009
481017
000251
483003
164809
150055
150056
481012
485111
485011
164814
485114
485014
481004
481013
000763
000263
485119
485019
485107
485007
000831
485105
485005
481010
481015
360011
360010
360006
360013
360014
360016
000589
360007
360008
360009
360012
360005
360001
270006
000214
270048
270049
270007
270008
270010
270029
270030
270005
270001
270021
000567
000118
000119
000167
270022
000215
162714
270045
270002
270041
270009
270026
762001
253010
000058
257040
257020
257060
162511
162510
000664
255010
257010
000417
253060
253061
253030
257030
257070
253020
253021
000060
000059
257050
000367
020022
020026
000511
020011
160215
000512
519021
020003
020002
020012
020018
020005
020010
020009
519020
519606
020001
020033
020034
160220
000199
000526
020015
020021
020023
020019
020020
000302
160217
020027
020028
020025
160211
000165
121008
121005
121003
161211
121002
000663
121001
161207
150008
150009
121010
121009
121006
161219
000523
121012
128112
000069
000070
161213
161217
519013
519005
519033
519015
519011
519025
519007
519032
510110
519027
519003
519030
519024
519023
519130
519050
519026
162307
519034
040002
519909
000708
040036
040037
519002
040004
000072
040008
040001
040040
040041
000549
040015
040011
040005
160417
040025
040022
040023
040035
040012
040013
040180
040190
160415
040020
000294
040009
040010
040019
000590
040026
040045
040016
040007
240008
000601
240011
240004
240005
000124
240018
240019
240016
000612
240009
240017
240010
240020
240012
240013
240014
240022
167901
000104
000028
410006
410003
410007
410001
410009
000398
410004
410005
410010
410008
000273
000522
000646
630008
630006
000541
630015
630005
000279
630016
630010
630001
630002
630003
630103
630009
630109
630007
630107
000609
000654
000390
166301
630011
519519
001031
001033
002031
000001
000015
000016
000011
000031
159920
002011
000051
002021
002001
160311
519029
000061
000047
000048
001011
001013
519918
519908
160314
001021
001023
000014
000121
000021
001001
001003
540001
540004
540006
540008
540003
540012
540010
540002
540005
541005
540009
540007
470018
470008
519068
000368
000696
519069
519018
470058
470059
519066
000173
470009
470098
470007
470028
159912
470068
000122
000123
000083
470088
470089
470006
000697
519008
519078
470078
070011
000176
000270
000105
000106
530012
000308
000592
530006
530001
530016
165309
000547
530011
000756
510090
530010
530019
530018
159916
530015
530009
531009
165310
530017
000435
530008
000056
165312
530005
165313
530003
000478
530020
531020
519686
519712
519697
519727
519692
519718
519720
519688
519694
519733
519735
519702
519710
519729
519726
519706
519683
519685
519723
519725
519690
519698
519704
519736
519680
519682
519738
519700
210006
210008
210001
162105
210009
210002
210004
210003
000110
210014
210010
210011
162102
162107
210007
210005
620001
620007
620002
620003
620005
620009
620004
620006
620008
000242
000418
162605
260103
260111
260116
000311
260110
260109
260104
260112
000020
510420
263001
261001
261101
260108
000688
000532
261002
261102
260101
000411
260117
000586
260115
162607
000136
000408
690009
690011
690003
690007
690005
690001
166902
166903
690004
690006
690206
690002
690202
690008
000067
000068
233009
233012
233013
233001
000594
233015
233006
000309
233005
233010
000024
000025
233008
233011
233007
163302
671010
675021
675023
675011
675013
673010
660004
660010
660006
000039
660002
660102
660008
660003
000259
660014
660012
660001
000127
660015
000336
660009
660109
660005
660011
320015
320007
320016
320003
000066
320020
320005
320006
320001
510260
320014
320021
000714
320018
320004
000538
320008
320009
320011
320010
163209
150075
150073
320012
570005
570001
165707
165705
570007
573003
570006
570008
571002
000053
160610
206008
160612
160618
000007
160615
000409
206012
160607
206013
206002
000431
160603
160602
160608
206005
159911
206010
160613
000338
000054
160624
206007
206009
206003
206004
206001
000780
160611
160605
160616
700004
700003
700002
700005
700006
700001
519110
519115
519116
519125
519126
519111
519112
519120
519117
519113
000690
000656
000536
000423
000689
000596
161613
161609
161607
161605
161610
161611
161604
161612
000142
000278
161601
161606
161616
161603
161693
377010
000073
378010
000839
000840
371020
371120
376510
370021
370022
000457
370024
000256
377150
370025
370026
000524
377020
372010
372110
373020
373010
000125
377240
377530
370027
375010
379010
370023
000328
310398
310368
310518
163110
163109
310308
310318
310378
310379
310508
310388
310328
310358
163113
163111
163114
163115
162205
162201
162203
162202
162212
162210
162299
162214
229002
162211
162209
162208
162207
162204
162216
162213
000828
000026
000027
290012
290008
290006
290003
290002
290014
290005
290004
290007
291007
290011
290010
162907
150094
150095
420009
420001
164205
164207
000573
420003
420002
420102
420005
350001
350008
350005
163503
000080
000081
350002
350007
350009
350006
519180
161903
519181
519185
519183
519186
519187
519188
519189
161902
161910
150090
150091
161907
519091
519099
519158
519165
519162
519163
519156
519095
000584
519089
519087
519150
519097
519093
165515
550006
550007
550002
550004
550005
165508
550003
165517
550001
550017
550015
550016
165512
000209
000551
550008
550018
550019
550009
165511
165516
610006
610005
610002
610001
610003
610103
166105
610007
610008
610108
610004
163411
150016
163407
340001
163409
340009
163412
163402
163415
340007
340006
340008
110003
110027
110028
112002
110002
000603
110026
110037
110038
110033
110032
110031
110020
110005
110010
110009
110012
110013
110029
110030
110001
110021
110019
110035
110036
110007
110008
110022
000404
000032
000033
110015
110023
161117
000171
000436
110017
110018
161118
110011
161119
161120
110025
560003
560005
000410
560006
560002
519676
519674
519677
519671
519668
519673
519672
519656
519657
519669
519664
519665
519675
161505
519678
519670
151002
151001
150103
519667
519666
519660
519661
180002
000062
180020
180003
180012
000823
180018
519001
180013
161810
161812
161818
180025
180026
180029
180030
180028
180001
180010
180015
180031
161816
650001
650002
000458
000679
000530
166802
688888
686868
686869
166801
000166
393001
398011
398051
000597
000003
000004
398031
398041
398021
399011
399001
395001
398061
398001
395011
395012
166020
166007
166005
166019
166011
166003
166004
166009
166002
166001
166012
166006
288002
288001
288102
000190
163803
163805
000572
163821
163810
000591
163809
000120
163804
163811
163812
163806
000057
000805
163807
000432
163801
163818
163808
163822
163816
163817
000706
590002
000545
590003
590001
590005
590007
000571
590009
590010
590008
590006