序号    基金名称    基金代码    单位净值    累计净值    日增长率    日增长值
1    宝康灵活配置基金    240002    2.0915    3.8215    -2.84%    -0.0611
2    宝康消费品基金    240001    2.5372    7.2531    -4.29%    -0.1138
3    宝康债券基金    240003    1.2883    1.8983    -0.05%    -0.0007
4    宝盈策略增长股票    213003    1.7049    2.2849    -7.13%    -0.1308
5    宝盈泛沿海区域    213002    0.7740    2.5386    -7.26%    -0.0606
6    宝盈核心优势灵活    213006    1.3586    2.2986    -5.48%    -0.0788
7    宝盈鸿利收益基金    213001    1.0756    3.1085    -5.78%    -0.0660
8    宝盈祥瑞养老混合    000639    1.3140    1.3940    -0.68%    -0.0090
9    宝盈增强收益债券    213007    1.3091    1.6811    -0.68%    -0.0089
10    宝盈增强收益C类    213917    1.2694    1.6414    -0.68%    -0.0087
11    宝盈中证100    213010    1.2310    1.2310    -1.76%    -0.0220
12    宝盈资源优选股票    213008    2.0692    3.0469    -7.53%    -0.1684
13    博时安盈债券A类    000084    1.0520    1.0880    0.10%    0.0010
14    博时安盈债券C类    000085    1.0460    1.0780    0.10%    0.0010
15    博时策略灵活配置    050012    1.2580    1.2820    -4.62%    -0.0610
16    博时创业成长股票    050014    1.6790    1.7510    -7.14%    -0.1290
17    博时第三产业成长    050008    1.0920    3.6410    -6.02%    -0.0700
18    博时宏观回报A类    050016    1.1240    1.1750    -2.85%    -0.0330
19    博时宏观回报C类    050116    1.1250    1.1680    -2.85%    -0.0330
20    博时回报灵活配置    050022    1.6560    1.7720    -4.66%    -0.0810
21    博时价值增长贰号    050201    0.8110    2.2660    -1.93%    -0.0160
22    博时价值增长基金    050001    0.9380    3.4400    -1.88%    -0.0180
23    博时精选股票基金    050004    1.8320    3.4305    -6.09%    -0.1187
24    博时灵活配置混合    000178    1.2930    1.3840    0.00%    0.0000
25    博时内需灵活配置    000264    1.3140    1.1480    -5.52%    -0.0767
26    博时平衡配置混合    050007    1.0630    2.4990    -3.10%    -0.0340
27    博时上证超级大盘ETF联接    050013    0.9413    0.9413    -1.32%    -0.0126
28    博时上证自然资源ETF联接    050024    0.8871    0.8871    -6.35%    -0.0602
29    博时深证基本面200ETF    159908    1.3638    1.3638    -4.77%    -0.0683
30    博时深证基本面200ETF联接    050021    1.3509    1.3509    -4.39%    -0.0620
31    博时双债增强A    000280    1.1390    1.1480    0.09%    0.0010
32    博时双债增强C    000281    1.1340    1.1430    0.00%    0.0000
33    博时特许价值股票    050010    1.6550    2.0950    -2.36%    -0.0400
34    博时天颐债券A类    050023    1.1500    1.4030    -0.95%    -0.0110
35    博时天颐债券C类    050123    1.1320    1.3750    -0.96%    -0.0110
36    博时稳定价值A类    050106    1.3320    1.7160    0.23%    0.0030
37    博时稳定价值B类    050006    1.3190    1.6800    0.23%    0.0030
38    博时新兴成长股票    050009    0.8480    3.7520    -6.09%    -0.0550
39    博时信用债纯债    050027    1.0630    1.2170    0.09%    0.0010
40    博时信用债券A类    050011    1.9320    2.0470    0.05%    0.0010
41    博时信用债券C类    050111    1.9150    2.0120    0.05%    0.0010
42    博时行业轮动股票    050018    1.0580    1.0580    -6.29%    -0.0710
43    博时医疗保健行业    050026    1.8340    1.9730    -5.66%    -0.1100
44    博时裕富沪深300    050002    1.2644    3.2444    -3.17%    -0.0414
45    博时裕祥分级A类    160514    1.1760    1.2760    0.00%    0.0000
46    博时裕益灵活配置    000219    1.4830    1.6060    -6.67%    -0.1060
47    博时主题行业基金    160505    3.1100    5.1680    -4.54%    -0.1480
48    博时转债增强A类    050019    1.6500    1.6550    -2.14%    -0.0360
49    博时转债增强C类    050119    1.6380    1.6420    -2.09%    -0.0350
50    博时卓越品牌(LOF)    160512    1.9880    2.1500    -5.38%    -0.1130
51    财通保本型发起式    720003    1.2670    1.2670    -1.55%    -0.0200
52    财通多策略稳健    720002    1.0720    1.2070    -0.46%    -0.0050
53    财通价值动量混合    720001    2.1150    2.2050    -5.83%    -0.1310
54    财通可持续发展100    000042    1.8160    1.8160    -3.61%    -0.0680
55    财通可持续发展主题    000017    2.2380    2.5880    -6.20%    -0.1480
56    长安产业精选灵活发起式    000496    1.1840    1.1840    0.00%    0.0000
57    长安宏观策略股票    740001    1.2780    2.0980    -6.51%    -0.0890
58    长安沪深300非周期行业    740101    1.5920    1.6670    -5.01%    -0.0840
59    长城安心回报混合    200007    0.9662    2.4851    -4.14%    -0.0417
60    长城保本混合基金    200016    1.4960    1.4960    -0.66%    -0.0100
61    长城积极增利A类    200013    1.2660    1.3960    -0.16%    -0.0020
62    长城积极增利C类    200113    1.2420    1.3720    -0.08%    -0.0010
63    长城景气行业灵活    200011    1.7320    1.7570    -5.25%    -0.0960
64    长城久富核心成长    162006    1.3289    3.8647    -5.97%    -0.0843
65    长城久恒平衡基金    200001    1.5740    2.8140    0.00%    0.0000
66    长城久利保本混合    000030    1.7740    1.7740    -0.95%    -0.0170
67    长城久泰中信标普300    200002    1.6065    4.4665    -3.40%    -0.0566
68    长城久鑫保本混合    000649    0.9970    1.2210    -0.20%    -0.0020
69    长城久兆中小300分级    162010    0.7880    1.9260    -6.08%    -0.0510
70    长城品牌优选股票    200008    1.2254    1.2254    -4.19%    -0.0536
71    长城双动力股票    200010    1.8976    2.0026    -6.12%    -0.1236
72    长城稳健增利债券    200009    1.1240    1.4290    0.09%    0.0010
73    长城消费增值股票    200006    0.9534    2.3934    -5.59%    -0.0565
74    长城医疗保健股票    000339    1.3520    1.3520    -5.78%    -0.0830
75    长城优化升级股票    200015    1.4530    1.5680    -5.59%    -0.0860
76    长城中小盘成长    200012    1.1000    1.1000    -7.56%    -0.0900
77    长盛成长价值基金    080001    1.6960    3.6680    -3.53%    -0.0620
78    长盛城镇化主题    000354    1.6320    1.6990    -5.50%    -0.0950
79    长盛创新先锋灵活    080002    1.4486    2.2356    -4.45%    -0.0675
80    长盛纯债债券A类    000050    1.1550    1.1550    0.00%    0.0000
81    长盛纯债债券C类    000052    1.1460    1.1460    0.00%    0.0000
82    长盛电子信息产业    080012    2.0290    2.5990    -5.50%    -0.1180
83    长盛电子信息主题灵活    000063    1.7850    1.7850    -0.06%    -0.0010
84    长盛动态精选基金    510081    1.5343    3.4921    -4.65%    -0.0748
85    长盛高端装备制造灵活    000534    1.7650    1.7650    -4.44%    -0.0820
86    长盛航天海工装备灵活    000535    1.5150    1.7100    -6.08%    -0.0980
87    长盛沪深300    160807    1.3330    1.3830    -3.75%    -0.0520
88    长盛积极配置债券    080003    1.3794    1.5524    -0.66%    -0.0091
89    长盛量化红利策略    080005    1.8930    1.9330    -6.38%    -0.1290
90    长盛生态环境主题灵活    000598    1.6630    1.6630    -4.97%    -0.0870
91    长盛同德主题增长    519039    1.5164    4.3453    -2.58%    -0.0402
92    长盛同辉深证100等权重分级    160809    0.8200    1.9280    -5.09%    -0.0440
93    长盛同瑞中证200分级    160808    0.7170    1.8760    -5.78%    -0.0440
94    长盛同瑞中证200分级A份额    150064    1.0060    1.2350    0.00%    0.0000
95    长盛同瑞中证200分级B份额    150065    0.5240    2.3030    0.00%    0.0000
96    长盛同禧信用增利A类    080009    1.2980    1.2980    -1.07%    -0.0140
97    长盛同禧信用增利C类    080010    1.2750    1.2750    -1.09%    -0.0140
98    长盛同祥泛资源主题    080008    1.7970    1.8470    0.00%    0.0000
99    长盛同鑫保本混合    080007    1.4860    1.5170    -4.38%    -0.0680
100    长盛同鑫二号保本    080015    1.2540    1.2540    -0.32%    -0.0040
101    长盛同智优势成长    160805    1.3205    2.7807    -5.20%    -0.0724
102    长盛养老健康产业灵活    000684    1.4170    1.4170    -3.74%    -0.0550
103    长盛债券基金    510080    1.4594    2.3134    -0.96%    -0.0141
104    长盛中证100    519100    1.1362    1.7972    -2.04%    -0.0237
105    长信改革红利灵活    519971    1.2520    1.2520    -0.08%    -0.0010
106    长信恒利优势股票    519987    1.3790    1.4100    -5.55%    -0.0810
107    长信金利趋势股票    519994    0.9957    2.8213    -12.64%    -0.1441
108    长信可转债A类    519977    1.6404    2.2004    -2.26%    -0.0380
109    长信可转债C类    519976    1.6189    2.1459    -2.26%    -0.0375
110    长信利丰债券基金    519989    1.3320    1.8250    -1.04%    -0.0140
111    长信利鑫分级A    163004    1.0008    1.1691    0.01%    0.0001
112    长信量化先锋股票    519983    1.9410    1.9410    -6.50%    -0.1350
113    长信内需成长股票    519979    1.6450    2.0950    -7.06%    -0.1250
114    长信双利优选混合    519991    1.7560    2.1620    -5.64%    -0.1050
115    长信银利精选基金    519996    0.9967    2.9167    -10.82%    -0.1209
116    长信增利动态策略    519993    1.2781    2.5271    -5.68%    -0.0769
117    长信中短债基金    519985    1.2526    1.2526    0.02%    0.0002
118    长信中证中央企业100    163001    1.4650    1.4650    -0.20%    -0.0030
119    大成保本混合基金    090013    1.8180    1.8280    -5.66%    -0.1090
120    大成财富2020生命周期    090006    0.8010    2.6230    -4.53%    -0.0380
121    大成策略回报股票    090007    1.6790    2.4540    -5.46%    -0.0970
122    大成创新成长混合    160910    1.0780    2.2890    -7.15%    -0.0830
123    大成核心双动力    090011    1.5710    1.5710    -4.73%    -0.0780
124    大成沪深300    519300    1.2927    2.7027    -3.52%    -0.0471
125    大成积极成长基金    519017    1.5410    2.6980    -5.46%    -0.0890
126    大成价值增长基金    090001    1.1998    3.8598    -4.23%    -0.0530
127    大成精选增值基金    090004    1.3452    3.4102    -7.66%    -0.1116
128    大成景安短融A类    000128    1.1480    1.1480    0.00%    0.0000
129    大成景安短融B类    000129    1.1550    1.1550    0.00%    0.0000
130    大成景恒保本混合    090019    0.9990    1.3370    -0.20%    -0.0020
131    大成景兴信用债A    000130    1.3390    1.3390    -0.52%    -0.0070
132    大成景兴信用债C    000131    1.3280    1.3280    -0.45%    -0.0060
133    大成景旭纯债A类    000152    1.1740    1.1740    0.09%    0.0010
134    大成景旭纯债C类    000153    1.1670    1.1670    0.09%    0.0010
135    大成景阳领先股票    519019    1.0140    4.1520    -4.70%    -0.0500
136    大成景益平稳收益    000695    1.5030    1.5030    -2.97%    -0.0460
137    大成可转债增强    090017    1.5370    1.5470    -6.28%    -0.1030
138    大成蓝筹稳健基金    090003    0.8985    3.4685    -6.55%    -0.0630
139    大成灵活配置混合    000587    2.1220    2.1220    -6.48%    -0.1470
140    大成内需增长股票    090015    2.1910    2.1910    -5.40%    -0.1250
141    大成强化收益债券    090008    1.2467    1.4467    -1.99%    -0.0253
142    大成深证成长40ETF联接    090012    1.1880    1.1880    -3.02%    -0.0370
143    大成新锐产业股票    090018    1.6710    1.8710    -6.39%    -0.1140
144    大成行业轮动股票    090009    1.3050    1.3050    -6.99%    -0.0980
145    大成优选(LOF)    160916    2.1300    1.6790    -3.79%    -0.0839
146    大成债券A\B    090002    1.1857    1.9485    -1.66%    -0.0200
147    大成债券基金C类    092002    1.2009    1.9024    -1.65%    -0.0202
148    大成中小盘(LOF)    160918    1.6490    4.4540    -5.88%    -0.1030
149    大成中证500沪市ETF联接    090020    1.3660    1.3660    -7.45%    -0.1100
150    大成中证红利指数    090010    1.5620    1.5620    -5.22%    -0.0860
151    大成中证内地消费主题    090016    1.3220    1.5790    -4.69%    -0.0650
152    德邦优化配置    770001    1.1484    1.9484    -5.60%    -0.0681
153    东方安心收益保本    400020    1.3042    1.3042    -0.07%    -0.0009
154    东方保本混合基金    400013    1.1850    1.3140    0.00%    0.0000
155    东方策略成长股票    400007    3.1798    3.1798    -6.90%    -0.2358
156    东方多策略灵活    400023    1.2134    1.2134    -0.11%    -0.0013
157    东方核心动力股票    400011    1.5220    1.5220    -3.94%    -0.0624
158    东方红新动力灵活    000480    1.9210    2.0090    -2.78%    -0.0550
159    东方精选混合基金    400003    2.0791    6.2428    -5.06%    -0.1107
160    东方利群型发起式    400022    1.1952    1.1952    -0.10%    -0.0012
161    东方龙混合基金    400001    1.4194    3.1809    -5.22%    -0.0782
162    东方强化收益债券    400016    1.3017    1.3017    -0.08%    -0.0010
163    东方稳健回报债券    400009    1.1320    1.2020    0.00%    0.0000
164    东方新兴成长混合    400025    1.5415    1.5415    -5.32%    -0.0866
165    东方央视财经50    400018    1.5421    1.5421    -2.77%    -0.0439
166    东方增长中小盘    400015    2.6843    2.6843    -3.73%    -0.1039
167    东吴阿尔法灵活    000531    1.2900    1.2900    -0.31%    -0.0040
168    东吴保本混合基金    582003    1.1720    1.1720    -0.26%    -0.0030
169    东吴鼎利分级债券    165807    1.0980    1.1390    0.00%    0.0000
170    东吴嘉禾优势精选    580001    0.8826    2.6026    -7.71%    -0.0737
171    东吴价值成长双动力    580002    1.6742    2.4142    -6.19%    -0.1104
172    东吴进取策略灵活    580005    1.3852    1.4552    -6.32%    -0.0935
173    东吴内需增长混合    580009    1.8940    1.8940    -5.63%    -0.1130
174    东吴深证100    165806    1.3960    1.3960    -4.77%    -0.0700
175    东吴新产业精选    580008    2.3020    2.3020    -6.31%    -0.1550
176    东吴新创业股票    580007    1.6530    1.7130    -5.81%    -0.1020
177    东吴新经济股票    580006    1.6320    1.6320    -4.95%    -0.0850
178    东吴行业轮动股票    580003    0.7822    0.8622    -7.10%    -0.0598
179    东吴优信稳健A类    582001    1.1512    1.1632    0.02%    0.0002
180    东吴优信稳健C类    582201    1.1248    1.1368    0.01%    0.0001
181    东吴中证可转换分级    165809    0.9000    1.2220    -4.56%    -0.0430
182    东吴中证新兴产业    585001    1.3800    1.3800    -6.31%    -0.0930
183    方正富邦创新动力    730001    1.3590    2.1090    -5.36%    -0.0770
184    方正富邦红利精选    730002    1.6500    1.6500    -5.61%    -0.0980
185    富安达策略精选灵活    710002    1.8573    1.8973    -7.12%    -0.1424
186    富安达新兴成长灵活    000755    1.2948    1.2948    -0.20%    -0.0026
187    富安达信用主题轮动纯债A类    000284    1.4223    1.4223    -1.67%    -0.0242
188    富安达信用主题轮动纯债C    000285    1.4114    1.4114    -1.67%    -0.0239
189    富安达优势成长    710001    2.1578    2.1578    -5.01%    -0.1138
190    富安达收益A类    710301    1.4274    1.4474    -3.92%    -0.0582
191    富安达收益C类    710302    1.4099    1.4299    -3.91%    -0.0574
192    富兰克林国海策略回报灵活    450010    1.3220    1.3220    -6.37%    -0.0900
193    富兰克林国海成长动力    450007    1.7500    1.9300    -5.53%    -0.1025
194    富兰克林国海弹性    450002    1.6885    3.1298    -6.45%    -0.1165
195    富兰克林国海沪深300    450008    1.4950    1.4950    -3.42%    -0.0530
196    富兰克林国海健康优质生活    000761    1.1330    1.1330    -6.90%    -0.0840
197    富兰克林国海焦点驱动灵活    000065    1.3760    1.4020    -0.29%    -0.0040
198    富兰克林国海潜力    450003    1.4538    2.0263    -5.60%    -0.0863
199    富兰克林国海强化收益A    450005    1.2442    1.4722    -0.84%    -0.0105
200    富兰克林国海强化收益C    450006    1.0587    1.4498    -0.84%    -0.0090
201    富兰克林国海深化价值    450004    1.4990    1.9690    -6.31%    -0.1010
202    富兰克林国海研究精选    450011    1.7210    1.7210    -6.16%    -0.1130
203    富兰克林国海中国收益    450001    0.7810    2.5332    -3.14%    -0.0253
204    富兰克林国海中小盘    450009    1.7560    1.7560    -6.60%    -0.1240
205    工银瑞信保本2号型发起式    487021    1.3800    1.3800    -0.22%    -0.0030
206    工银瑞信保本混合    487016    1.0850    1.3090    0.00%    0.0000
207    工银瑞信产业债A    000045    1.3160    1.3160    -0.60%    -0.0080
208    工银瑞信产业债B    000046    1.3020    1.3020    -0.61%    -0.0080
209    工银瑞信大盘蓝筹    481008    1.3220    1.7320    -5.77%    -0.0810
210    工银瑞信核心价值    481001    0.4164    4.5802    -7.63%    -0.0344
211    工银瑞信红利股票    481006    1.0218    1.0618    -7.19%    -0.0792
212    工银瑞信沪深300金    481009    1.4787    1.6737    -3.41%    -0.0522
213    工银瑞信基本面量化策略    481017    2.0340    2.0340    -5.79%    -0.1250
214    工银瑞信金融地产行业    000251    2.5720    2.5720    -2.58%    -0.0680
215    工银瑞信精选平衡    483003    0.7748    2.1912    -5.81%    -0.0478
216    工银瑞信睿智中证500    164809    1.8469    1.9245    -6.60%    -0.1305
217    工银瑞信睿智中证500A    150055    1.0309    1.2250    0.02%    0.0002
218    工银瑞信睿智中证500B    150056    2.3909    2.3909    -8.34%    -0.2176
219    工银瑞信深证红利ETF联接    481012    1.2472    1.2472    -3.52%    -0.0455
220    工银瑞信双利A类    485111    1.5840    1.5840    -0.44%    -0.0070
221    工银瑞信双利B类    485011    1.5500    1.5500    -0.51%    -0.0080
222    工银瑞信双债增强    164814    1.1740    1.3540    -0.76%    -0.0090
223    工银瑞信添颐A类    485114    1.9090    1.9090    -0.68%    -0.0130
224    工银瑞信添颐B类    485014    1.8520    1.8520    -0.70%    -0.0130
225    工银瑞信稳健成长    481004    2.3351    2.5851    -7.47%    -0.1886
226    工银瑞信消费服务行业    481013    1.5310    1.5310    -4.31%    -0.0690
227    工银瑞信新财富灵活    000763    1.3140    1.3140    -0.23%    -0.0030
228    工银瑞信信息产业    000263    2.6220    2.6220    -7.61%    -0.2160
229    工银瑞信信用纯债A类    485119    1.1060    1.1060    0.00%    0.0000
230    工银瑞信信用纯债B类    485019    1.0930    1.0930    0.00%    0.0000
231    工银瑞信信用添利A    485107    1.2351    1.6641    -0.77%    -0.0096
232    工银瑞信信用添利B    485007    1.2355    1.6295    -0.77%    -0.0096
233    工银瑞信医疗保健行业    000831    1.6780    1.6780    -6.83%    -0.1230
234    工银瑞信收益A    485105    1.2457    1.7377    -1.04%    -0.0131
235    工银瑞信收益B    485005    1.2429    1.6979    -1.04%    -0.0130
236    工银瑞信中小盘成长    481010    1.6340    1.6340    -6.74%    -0.1180
237    工银瑞信主题策略    481015    2.4990    2.4990    -6.93%    -0.1860
238    光大保德信动态优选    360011    1.7090    2.0390    -4.74%    -0.0850
239    光大保德信均衡精选    360010    1.4242    1.5442    -3.10%    -0.0456
240    光大保德信新增长    360006    1.7996    3.0796    -6.60%    -0.1271
241    光大保德信信用添益A类    360013    1.0410    1.3160    -0.57%    -0.0060
242    光大保德信信用添益C类    360014    1.0320    1.3020    -0.48%    -0.0050
243    光大保德信行业轮动    360016    1.4140    1.8040    -4.01%    -0.0590
244    光大保德信银发商机主题    000589    1.5330    1.7830    -4.84%    -0.0780
245    光大保德信优势    360007    1.3219    1.3219    -2.99%    -0.0407
246    光大保德信增利收益A类    360008    1.0580    1.3040    0.00%    0.0000
247    光大保德信增利收益C类    360009    1.0450    1.2740    0.00%    0.0000
248    光大保德信中小盘    360012    1.5969    1.6269    -4.14%    -0.0690
249    光大红利股票基金    360005    4.2323    4.8903    -3.66%    -0.1608
250    光大量化核心    360001    1.4462    3.4699    -5.35%    -0.0817
251    广发策略优选混合    270006    2.0116    3.2716    -6.75%    -0.1457
252    广发成长优选灵活    000214    1.2970    1.2970    -0.08%    -0.0010
253    广发纯债债券A类    270048    1.1650    1.1900    0.00%    0.0000
254    广发纯债债券C类    270049    1.1620    1.1860    0.00%    0.0000
255    广发大盘成长混合    270007    1.0732    1.0732    -5.55%    -0.0631
256    广发核心精选股票    270008    2.7790    2.9890    -5.64%    -0.1660
257    广发沪深300    270010    1.8030    2.0930    -3.79%    -0.0710
258    广发聚财信用A    270029    1.3450    1.3540    -0.52%    -0.0070
259    广发聚财信用B    270030    1.3310    1.3390    -0.52%    -0.0070
260    广发聚丰股票基金    270005    1.0371    5.5213    -5.45%    -0.0598
261    广发聚富基金    270001    1.4789    3.7889    -5.61%    -0.0879
262    广发聚瑞股票基金    270021    2.2600    2.2600    -4.48%    -0.1060
263    广发聚祥灵活配置    000567    1.7040    1.7040    -5.91%    -0.1070
264    广发聚鑫债券A    000118    1.4820    1.6070    -1.53%    -0.0230
265    广发聚鑫债券C    000119    1.4760    1.6010    -1.53%    -0.0230
266    广发聚优灵活配置    000167    1.6890    1.6890    -6.84%    -0.1240
267    广发内需灵活配置    270022    0.8940    0.9940    -5.30%    -0.0500
268    广发趋势优选灵活    000215    1.2840    1.2840    0.00%    0.0000
269    广发深证100分级    162714    1.2722    1.3601    -4.90%    -0.0656
270    广发双债添利C类    270045    1.1090    1.1090    0.09%    0.0010
271    广发稳健增长基金    270002    1.9503    3.7487    -2.91%    -0.0584
272    广发消费品精选    270041    1.9580    1.9580    -5.64%    -0.1170
273    广发增强债券基金    270009    1.2580    1.4910    0.08%    0.0010
274    广发中小板300ETF联接    270026    1.4840    1.4840    -5.53%    -0.0869
275    国金通用国鑫灵活    762001    1.6622    2.2922    -0.11%    -0.0018
276    国联安安心成长    253010    0.6300    1.9060    -0.16%    -0.0010
277    国联安保本混合    000058    1.1750    1.1750    -0.25%    -0.0030
278    国联安红利股票    257040    1.4230    2.1260    -3.79%    -0.0560
279    国联安精选股票    257020    1.2600    3.5230    -4.47%    -0.0590
280    国联安上证大宗商品ETF联接    257060    0.7090    0.7090    -6.09%    -0.0460
281    国联安双佳信用分级    162511    0.9970    0.9970    0.10%    0.0010
282    国联安双力中小板综指分级    162510    1.9590    2.0270    -6.00%    -0.1250
283    国联安通盈灵活    000664    1.1200    1.1730    -0.09%    -0.0010
284    国联安稳健混合    255010    1.3040    3.0340    -5.03%    -0.0690
285    国联安小盘精选    257010    1.5640    3.7250    -4.92%    -0.0810
286    国联安新精选灵活    000417    1.2120    1.2540    0.00%    0.0000
287    国联安信心定期开放A类    253060    1.1540    1.2190    -0.69%    -0.0080
288    国联安信心定期开放B类    253061    1.1500    1.2070    -0.69%    -0.0080
289    国联安信心增益    253030    1.1960    1.3040    -0.83%    -0.0100
290    国联安优势股票    257030    1.1970    1.7530    -6.56%    -0.0840
291    国联安优选行业    257070    1.9890    2.2900    -6.58%    -0.1400
292    国联安增利A类    253020    1.2400    1.4850    -0.32%    -0.0040
293    国联安增利B类    253021    1.2310    1.4590    -0.32%    -0.0040
294    国联安中证股债动态策略    000060    1.2610    1.2610    -3.37%    -0.0440
295    国联安中证医药100    000059    1.7460    1.7460    -5.47%    -0.1010
296    国联安主题驱动    257050    1.6890    1.6890    -5.80%    -0.1040
297    国泰安康养老定期支付    000367    1.2000    1.2000    -0.33%    -0.0040
298    国泰保本混合基金    020022    1.2430    1.3880    -0.40%    -0.0050
299    国泰成长优选股票    020026    2.2950    2.3170    -6.10%    -0.1490
300    国泰国策驱动灵活    000511    1.3910    1.3910    -0.22%    -0.0030
301    国泰沪深300    020011    0.8252    1.1813    -3.37%    -0.0288
302    国泰价值经典股票    160215    1.5150    1.5150    -7.17%    -0.1170
303    国泰结构转型灵活    000512    1.4460    1.4460    -0.21%    -0.0030
304    国泰金鼎价值精选    519021    0.9800    2.6180    -6.04%    -0.0630
305    国泰金龙行业精选    020003    0.6980    4.3180    -5.68%    -0.0420
306    国泰金龙债券A类    020002    1.0700    1.7180    0.00%    0.0000
307    国泰金龙债券C类    020012    1.0680    1.6940    0.00%    0.0000
308    国泰金鹿保本增值(二期)    020018    1.1700    1.4060    -0.43%    -0.0050
309    国泰金马稳健回报    020005    0.9130    3.7720    -4.50%    -0.0430
310    国泰金牛创新成长    020010    1.8120    2.1850    -5.38%    -0.1030
311    国泰金鹏蓝筹价值    020009    1.5410    2.5590    -5.05%    -0.0820
312    国泰金泰平衡混合    519020    1.0950    1.0040    -0.10%    -0.0011
313    国泰金鑫股票基金    519606    1.4120    1.5330    -5.77%    -0.0860
314    国泰金鹰增长基金    020001    1.4470    4.5870    -6.77%    -0.1050
315    国泰民安增利A    020033    1.1620    1.3030    -0.34%    -0.0040
316    国泰民安增利C    020034    1.1570    1.2890    -0.34%    -0.0040
317    国泰民益灵活(LOF)    160220    1.2450    1.2450    -0.16%    -0.0020
318    国泰目标收益保本    000199    1.2210    1.4450    -7.52%    -0.0980
319    国泰浓益灵活配置    000526    1.2640    1.2640    -0.32%    -0.0040
320    国泰区位优势股票    020015    2.1060    2.1510    -5.69%    -0.1270
321    国泰上证180金融ETF联接    020021    1.6098    1.6098    0.17%    0.0027
322    国泰事件驱动策略    020023    2.1950    2.1950    -5.92%    -0.1380
323    国泰双利债券A类    020019    1.1790    1.4450    -0.08%    -0.0010
324    国泰双利债券C类    020020    1.1620    1.4140    -0.09%    -0.0010
325    国泰淘金互联网    000302    1.1320    1.1320    -0.09%    -0.0010
326    国泰信用互利分级    160217    1.0090    1.3010    0.10%    0.0010
327    国泰信用债券A    020027    1.1660    1.1660    -0.26%    -0.0030
328    国泰信用债券C    020028    1.1520    1.1520    -0.17%    -0.0020
329    国泰中小板300成长ETF联接    020025    1.0600    1.8450    -3.28%    -0.0360
330    国泰中小盘成长    160211    2.0750    2.4770    -6.53%    -0.1450
331    国投瑞银策略精选灵活    000165    1.6060    1.7030    -4.06%    -0.0680
332    国投瑞银成长优选    121008    1.0803    3.0699    -5.97%    -0.0686
333    国投瑞银创新动力    121005    0.9470    2.9346    -6.10%    -0.0615
334    国投瑞银核心企业    121003    1.2456    2.7756    -5.77%    -0.0763
335    国投瑞银沪深300金融地产    161211    1.4309    1.4309    -0.52%    -0.0075
336    国投瑞银景气行业    121002    1.4074    3.3764    -4.86%    -0.0719
337    国投瑞银美丽中国灵活    000663    1.9220    2.0240    -0.10%    -0.0020
338    国投瑞银融华债券    121001    1.7241    3.0661    -3.24%    -0.0577
339    国投瑞银瑞和沪深300    161207    1.6220    1.2170    -3.51%    -0.0590
340    国投瑞银瑞和沪深300之小康份额    150008    1.3690    1.0670    -1.65%    -0.0230
341    国投瑞银瑞和沪深300之远见    150009    1.8750    1.3520    -4.82%    -0.0950
342    国投瑞银瑞源保本    121010    1.0690    1.3180    -0.37%    -0.0040
343    国投瑞银稳定增利    121009    1.1251    1.6061    -0.26%    -0.0029
344    国投瑞银稳健增长    121006    1.4710    2.1010    -6.31%    -0.0990
345    国投瑞银新兴产业(LOF)    161219    1.6830    2.0090    -6.03%    -0.1080
346    国投瑞银医疗保健行业灵活    000523    1.4960    1.5740    -6.91%    -0.1110
347    国投瑞银优化A/B类    121012    1.4390    1.4790    -1.03%    -0.0150
348    国投瑞银优化C类    128112    1.4380    1.4580    -1.03%    -0.0150
349    国投瑞银中高等级A类    000069    1.0830    1.2070    0.09%    0.0010
350    国投瑞银中高等级C类    000070    1.0810    1.1990    0.09%    0.0010
351    国投瑞银中证下游消费服务    161213    1.5340    1.5340    -5.13%    -0.0830
352    国投瑞银中证资源产业    161217    0.7570    0.7570    -5.85%    -0.0470
353    海富通风格优势    519013    0.8790    1.9850    -4.56%    -0.0420
354    海富通股票基金    519005    0.9180    2.8670    -4.08%    -0.0390
355    海富通国策导向    519033    2.2910    2.2910    -1.67%    -0.0390
356    海富通精选贰号    519015    0.8470    1.1670    -4.94%    -0.0440
357    海富通精选基金    519011    0.6165    4.1415    -4.80%    -0.0311
358    海富通领先成长    519025    1.4660    1.6160    -6.39%    -0.1000
359    海富通强化回报    519007    0.9680    2.4640    -5.47%    -0.0560
360    海富通上证非周期行业100ETF联接    519032    1.3680    1.3680    -5.00%    -0.0720
361    海富通上证周期行业50ETF    510110    3.5940    1.4420    -0.83%    -0.0299
362    海富通上证周期行业50联接    519027    1.2830    1.2830    -0.70%    -0.0090
363    海富通收益增长    519003    0.9240    2.5390    -6.19%    -0.0610
364    海富通稳固收益    519030    1.6120    1.6120    -0.56%    -0.0090
365    海富通稳健添利A类    519024    1.1990    1.2900    0.08%    0.0010
366    海富通稳健添利C类    519023    1.1800    1.2710    0.08%    0.0010
367    海富通新内需灵活    519130    1.3700    1.3700    0.00%    0.0000
368    海富通养老收益    519050    1.3320    1.3320    -0.08%    -0.0010
369    海富通中小盘股票    519026    1.3600    1.3600    -5.82%    -0.0840
370    海富通中证100(LOF)    162307    1.1870    1.1870    -2.14%    -0.0260
371    海富通中证内地低碳    519034    1.7470    1.7470    -6.38%    -0.1190
372    华安MSCI中国A股    040002    0.8270    3.7500    -4.28%    -0.0370
373    华安安顺灵活配置    519909    1.5930    1.7290    -5.60%    -0.0940
374    华安安享灵活配置    000708    1.0550    1.0550    0.00%    0.0000
375    华安安心收益A    040036    1.1940    1.4150    -1.32%    -0.0160
376    华安安心收益B    040037    1.2040    1.4250    -1.39%    -0.0170
377    华安安信消费服务    519002    1.4640    1.4890    -6.40%    -0.1000
378    华安宝利配置基金    040004    1.6430    4.1960    -4.31%    -0.0740
379    华安保本混合基金    000072    1.5430    1.5430    -1.41%    -0.0220
380    华安策略优选股票    040008    1.0554    2.5917    -4.68%    -0.0518
381    华安创新基金    040001    0.8580    4.1750    -4.88%    -0.0440
382    华安纯债型发起式A类    040040    1.1050    1.1320    0.09%    0.0010
383    华安纯债型发起式C类    040041    1.1040    1.1280    0.09%    0.0010
384    华安大国新经济    000549    1.8230    1.8230    -5.84%    -0.1130
385    华安动态灵活配置    040015    1.5310    1.7140    -5.20%    -0.0840
386    华安核心优选股票    040011    1.7137    2.2137    -4.33%    -0.0775
387    华安宏利股票基金    040005    4.0247    4.6447    -4.92%    -0.2083
388    华安沪深300分级    160417    1.5050    1.5880    -3.40%    -0.0530
389    华安科技动力股票    040025    2.8790    2.8790    -4.10%    -0.1230
390    华安可转换A类    040022    1.7060    1.7060    -1.61%    -0.0280
391    华安可转换B类    040023    1.6780    1.6780    -1.58%    -0.0270
392    华安逆向策略股票    040035    1.8320    2.2120    -5.95%    -0.1160
393    华安强化收益A类    040012    1.4130    1.7450    -0.35%    -0.0050
394    华安强化收益B类    040013    1.3910    1.7060    -0.43%    -0.0060
395    华安上证180交易型联接    040180    1.4074    1.4074    -2.88%    -0.0418
396    华安上证龙头企业ETF联接    040190    1.4810    1.4810    -4.14%    -0.0640
397    华安深证300(LOF)    160415    1.5570    1.5570    -5.41%    -0.0890
398    华安升级主题股票    040020    1.5900    1.5900    -5.64%    -0.0950
399    华安生态优先股票    000294    1.6660    1.6660    -6.19%    -0.1100
400    华安稳定收益A    040009    1.1495    1.5622    0.01%    0.0001
401    华安稳定收益B    040010    1.1456    1.5296    0.01%    0.0001
402    华安稳固收益债券    040019    1.3030    1.3930    -0.76%    -0.0100
403    华安新活力灵活    000590    1.2290    1.2290    0.00%    0.0000
404    华安信用四季红    040026    1.0770    1.2530    0.00%    0.0000
405    华安信用增强债券    040045    1.1840    1.3210    -0.92%    -0.0110
406    华安行业轮动股票    040016    1.7771    1.7771    -5.34%    -0.1002
407    华安中小盘成长    040007    1.6685    2.9834    -4.81%    -0.0844
408    华宝收益增长混合    240008    5.8683    5.8683    -4.46%    -0.2737
409    华宝兴业创新优选    000601    1.1100    1.4500    -7.65%    -0.0920
410    华宝兴业大盘精选    240011    2.0983    2.1783    -5.16%    -0.1141
411    华宝兴业动力组合    240004    1.6567    4.1667    -7.07%    -0.1261
412    华宝兴业多策略    240005    0.8030    4.5892    -7.11%    -0.0615
413    华宝兴业服务股票    000124    2.1270    2.4270    -5.97%    -0.1350
414    华宝兴业可转债    240018    1.3956    1.3956    -4.96%    -0.0729
415    华宝兴业上证180成长ETF联接    240019    1.5690    1.5690    -1.69%    -0.0270
416    华宝兴业上证180价值ETF联接    240016    1.5790    1.6090    -1.44%    -0.0230
417    华宝兴业生态中国    000612    1.8940    2.0940    -5.72%    -0.1150
418    华宝兴业先进成长    240009    3.4436    3.7116    -5.54%    -0.2020
419    华宝兴业新兴产业    240017    2.5091    2.5091    -5.58%    -0.1483
420    华宝兴业行业精选    240010    1.6129    1.6129    -4.92%    -0.0834
421    华宝兴业医药生物    240020    1.8190    2.1080    -5.31%    -0.1020
422    华宝兴业收益A类    240012    1.3623    1.3823    -0.09%    -0.0012
423    华宝兴业收益B类    240013    1.3277    1.3477    -0.09%    -0.0012
424    华宝兴业中证100    240014    1.1633    1.1633    -2.30%    -0.0274
425    华宝兴业资源优选    240022    1.1760    1.1760    -5.47%    -0.0680
426    华宸未来沪深300型发起式    167901    1.6240    1.6240    -3.28%    -0.0550
427    华宸未来信用增利型发起式    000104    0.9960    1.2060    -0.10%    -0.0010
428    华富保本混合基金    000028    1.2270    1.3770    -2.15%    -0.0270
429    华富策略精选灵活    410006    1.5240    1.6840    -7.03%    -0.1153
430    华富成长趋势股票    410003    1.0422    1.3322    -7.08%    -0.0794
431    华富价值灵活配置    410007    1.5891    1.5891    -7.36%    -0.1263
432    华富竞争力优选    410001    1.1231    2.7981    -7.42%    -0.0900
433    华富量子生命力    410009    1.0780    1.0780    -7.18%    -0.0834
434    华富灵活配置混合    000398    1.1730    1.2530    0.00%    0.0000
435    华富收益增强A类    410004    1.6530    1.9650    -1.11%    -0.0185
436    华富收益增强B类    410005    1.6461    1.9281    -1.11%    -0.0184
437    华富中小板增强    410010    1.7550    1.7550    -5.59%    -0.1040
438    华富中证100    410008    1.1674    1.1674    -2.06%    -0.0245
439    华润元大保本混合    000273    1.8060    1.8060    -0.17%    -0.0030
440    华润元大信息传媒科技    000522    1.9540    1.9540    -4.22%    -0.0860
441    华润元大医疗保健量化    000646    1.6980    1.6980    -4.45%    -0.0790
442    华商策略精选灵活    630008    1.5740    1.5740    -5.92%    -0.0990
443    华商产业升级股票    630006    1.5960    1.5960    -2.92%    -0.0480
444    华商创新成长灵活发起式    000541    2.2810    2.3760    -2.89%    -0.0680
445    华商大盘量化精选灵活    630015    1.9550    2.3550    -7.74%    -0.1640
446    华商动态阿尔法灵活    630005    2.5810    2.5810    -3.44%    -0.0920
447    华商红利优选灵活    000279    1.0580    1.6910    -3.29%    -0.0360
448    华商价值共享灵活    630016    2.1790    2.3290    -7.32%    -0.1720
449    华商价值精选股票    630010    3.1400    3.2100    -2.73%    -0.0880
450    华商领先企业混合    630001    1.6579    2.5489    -7.59%    -0.1362
451    华商盛世成长股票    630002    3.7947    5.4497    -2.81%    -0.1099
452    华商收益增强A类    630003    1.2150    1.7400    -2.02%    -0.0250
453    华商收益增强B类    630103    1.1970    1.7030    -2.05%    -0.0250
454    华商稳定增利A级    630009    1.5430    1.5430    -1.59%    -0.0250
455    华商稳定增利C级    630109    1.5140    1.5140    -1.56%    -0.0240
456    华商稳健双利A类    630007    1.5290    1.5900    -1.74%    -0.0270
457    华商稳健双利B类    630107    1.5060    1.5600    -1.70%    -0.0260
458    华商新量化灵活    000609    1.8860    1.8860    -7.87%    -0.1610
459    华商新锐产业灵活    000654    1.6600    1.6800    -7.42%    -0.1330
460    华商优势行业灵活    000390    1.2320    1.8420    -3.98%    -0.0510
461    华商中证500分级    166301    2.0370    2.0370    -4.37%    -0.0930
462    华商主题精选股票    630011    3.1270    3.2270    -7.57%    -0.2560
463    华泰柏瑞增利A类    519519    1.1087    1.4127    -1.68%    -0.0189
464    华夏安康信用优选A    001031    1.2420    1.2720    -0.48%    -0.0060
465    华夏安康信用优选C    001033    1.2310    1.2610    -0.49%    -0.0060
466    华夏策略精选灵活    002031    2.6910    3.2910    -5.48%    -0.1560
467    华夏成长基金    000001    1.5450    3.7460    -5.33%    -0.0870
468    华夏纯债债券A类    000015    1.1020    1.1020    0.00%    0.0000
469    华夏纯债债券C类    000016    1.0920    1.0920    0.00%    0.0000
470    华夏大盘精选基金    000011    11.2710    15.1510    -3.25%    -0.3790
471    华夏复兴股票基金    000031    2.0650    2.0650    -3.73%    -0.0800
472    华夏恒生ETF    159920    1.2302    1.2302    0.18%    0.0022
473    华夏红利基金    002011    2.6230    5.0960    -6.02%    -0.1680
474    华夏沪深300    000051    1.2340    1.2340    -3.29%    -0.0420
475    华夏回报二号基金    002021    1.1110    2.9960    -2.71%    -0.0310
476    华夏回报基金    002001    1.2850    4.0570    -2.50%    -0.0330
477    华夏蓝筹核心混合    160311    1.4160    4.8060    -4.19%    -0.0620
478    华夏平稳增长混合    519029    2.1530    2.9580    -7.44%    -0.1730
479    华夏盛世精选股票    000061    1.2060    1.2060    -7.23%    -0.0940
480    华夏双债增强A类    000047    1.2680    1.2980    -0.63%    -0.0080
481    华夏双债增强C    000048    1.2600    1.2900    -0.55%    -0.0070
482    华夏希望债券A类    001011    1.1870    1.5470    -0.17%    -0.0020
483    华夏希望债券C类    001013    1.1810    1.5210    -0.17%    -0.0020
484    华夏兴和混合基金    519918    1.5820    3.8970    -6.08%    -0.1030
485    华夏兴华混合基金    519908    1.7340    6.1590    -7.80%    -0.1460
486    华夏行业精选股票    160314    1.4110    6.8430    -5.81%    -0.0870
487    华夏亚债中国A类    001021    1.0660    1.1710    0.00%    0.0000
488    华夏亚债中国C类    001023    1.0490    1.1540    0.00%    0.0000
489    华夏一年定期开放    000014    1.0990    1.0990    0.00%    0.0000
490    华夏永福养老理财    000121    1.4140    1.4140    -0.14%    -0.0020
491    华夏优势增长股票    000021    1.8680    3.0380    -6.27%    -0.1250
492    华夏(A/B类)    001001    1.0700    1.8000    0.00%    0.0000
493    华夏债券(C类)    001003    1.0640    1.7640    0.00%    0.0000
494    汇丰晋信2016    540001    1.4661    2.4161    -0.66%    -0.0098
495    汇丰晋信2026生命周期    540004    1.4343    2.0543    -5.84%    -0.0889
496    汇丰晋信大盘股票    540006    2.1909    2.2509    -2.07%    -0.0462
497    汇丰晋信低碳先锋    540008    1.8507    1.9507    -6.45%    -0.1277
498    汇丰晋信动态策略    540003    1.9111    2.0311    -5.98%    -0.1216
499    汇丰晋信恒生A股行业龙头    540012    1.5937    1.5937    -2.98%    -0.0489
500    汇丰晋信科技先锋    540010    2.3751    2.3751    -4.20%    -0.1042
501    汇丰晋信龙腾股票    540002    1.8512    3.0972    -5.96%    -0.1173
502    汇丰晋信平稳增利A类    540005    1.0487    1.1781    0.01%    0.0001
503    汇丰晋信平稳增利C类    541005    1.0493    1.1933    0.00%    0.0000
504    汇丰晋信消费红利    540009    1.0120    1.0870    -7.24%    -0.0790
505    汇丰晋信中小盘    540007    1.3761    1.3961    -6.19%    -0.0908
506    汇添富保本混合    470018    1.3710    1.3710    -1.86%    -0.0260
507    汇添富策略回报    470008    1.9250    1.9950    -6.96%    -0.1440
508    汇添富成长焦点    519068    2.1077    2.5257    -6.05%    -0.1357
509    汇添富沪深300安中    000368    1.6072    1.6072    -4.34%    -0.0729
510    汇添富环保行业    000696    1.4460    1.4460    -6.47%    -0.1000
511    汇添富价值精选    519069    2.5950    3.2110    -4.07%    -0.1100
512    汇添富均衡增长    519018    1.1523    3.7775    -5.42%    -0.0660
513    汇添富可转换A类    470058    1.5860    1.6560    -4.00%    -0.0660
514    汇添富可转换C类    470059    1.5620    1.6320    -4.00%    -0.0650
515    汇添富蓝筹稳健    519066    2.1110    2.6210    -5.29%    -0.1180
516    汇添富美丽30    000173    2.4270    2.4270    -8.31%    -0.2200
517    汇添富民营活力    470009    3.1630    3.4130    -5.50%    -0.1840
518    汇添富逆向投资    470098    2.1770    2.3270    -7.64%    -0.1800
519    汇添富上证综合    470007    1.3050    1.3050    -3.40%    -0.0460
520    汇添富社会责任    470028    2.1540    2.1540    -6.71%    -0.1550
521    汇添富深证300ETF    159912    1.6010    1.6010    -5.09%    -0.0858
522    汇添富深证300ETF联接    470068    1.6395    1.6395    -4.29%    -0.0734
523    汇添富实业债A级    000122    1.1530    1.2830    0.09%    0.0010
524    汇添富实业债C级    000123    1.1400    1.2700    0.00%    0.0000
525    汇添富消费行业    000083    2.5480    2.5480    -6.70%    -0.1830
526    汇添富信用债A类    470088    1.1190    1.1380    -0.18%    -0.0020
527    汇添富信用债C类    470089    1.1050    1.1240    -0.27%    -0.0030
528    汇添富医药保健    470006    1.8810    1.9310    -6.74%    -0.1360
529    汇添富移动互联    000697    2.1440    2.1440    -6.78%    -0.1560
530    汇添富优势精选    519008    4.4126    6.7286    -6.46%    -0.3045
531    汇添富收益A类    519078    1.2110    1.4560    0.08%    0.0010
532    汇添富收益C类    470078    1.1900    1.4350    0.08%    0.0010
533    嘉实策略增长混合    070011    1.8380    2.4190    -5.45%    -0.1060
534    嘉实沪深300研究    000176    1.1961    1.1961    -4.21%    -0.0526
535    建信安心保本混合    000270    1.4560    1.4560    -0.55%    -0.0080
536    建信安心回报定期开放A    000105    1.1400    1.1500    0.00%    0.0000
537    建信安心回报定期开放C    000106    1.1290    1.1390    0.09%    0.0010
538    建信保本混合基金    530012    2.0110    2.0790    -5.23%    -0.1110
539    建信创新中国股票    000308    1.7870    1.7870    -7.65%    -0.1480
540    建信改革红利股票    000592    1.8930    1.8930    -4.49%    -0.0890
541    建信核心精选股票    530006    1.7190    2.6040    -5.60%    -0.1020
542    建信恒久价值股票    530001    0.9135    3.2252    -4.72%    -0.0453
543    建信恒稳价值混合    530016    1.8110    1.9110    -5.18%    -0.0990
544    建信沪深300(LOF)    165309    1.1837    1.1837    -3.55%    -0.0436
545    建信健康民生混合    000547    1.7610    1.7610    -4.71%    -0.0870
546    建信内生动力股票    530011    1.6140    1.6220    -4.38%    -0.0740
547    建信潜力新蓝筹    000756    1.2850    1.2850    -6.20%    -0.0850
548    建信上证社会责任ETF    510090    1.4532    1.7336    -2.93%    -0.0439
549    建信上证社会责任ETF联接    530010    1.6287    1.6287    -2.74%    -0.0459
550    建信社会责任股票    530019    2.0130    2.0130    -6.02%    -0.1290
551    建信深证100    530018    1.5841    1.5841    -3.92%    -0.0647
552    建信深证基本面60ETF    159916    2.8616    1.5591    -4.56%    -0.1367
553    建信深证基本面60ETF联接    530015    1.5202    1.5202    -4.35%    -0.0692
554    建信收益增强A类    530009    1.4590    1.5740    -0.82%    -0.0120
555    建信收益增强C类    531009    1.4240    1.5390    -0.77%    -0.0110
556    建信双利策略主题分级    165310    1.4580    1.5540    -3.25%    -0.0490
557    建信双息红利债券    530017    1.3340    1.5790    -0.82%    -0.0110
558    建信稳定添利债券    000435    1.1150    1.3770    -0.98%    -0.0110
559    建信稳定增利债券    530008    1.5160    1.7890    -0.07%    -0.0010
560    建信消费升级混合    000056    1.6620    1.6620    -4.04%    -0.0700
561    建信央视财经50分级之基础份额    165312    1.4211    1.4873    -2.65%    -0.0387
562    建信优化配置混合    530005    1.5540    2.1040    -3.92%    -0.0634
563    建信优势动力(LOF)    165313    1.4390    1.4390    -2.70%    -0.0400
564    建信优选成长股票    530003    1.8403    3.2903    -5.92%    -0.1158
565    建信中证500    000478    2.1407    2.1407    -6.75%    -0.1549
566    建信转债增强A    530020    2.4400    2.4400    -1.57%    -0.0390
567    建信转债增强C    531020    2.4120    2.4120    -1.59%    -0.0390
568    交银施罗德180公司治理ETF联接    519686    1.2860    1.2860    -2.43%    -0.0320
569    交银施罗德阿尔法核心    519712    2.0980    2.0980    -5.11%    -0.1130
570    交银施罗德保本    519697    2.1650    2.3050    -4.03%    -0.0910
571    交银施罗德成长30    519727    1.5970    1.5970    -6.11%    -0.1040
572    交银施罗德成长    519692    4.9676    5.4886    -5.43%    -0.2852
573    交银施罗德纯债A类/B类    519718    1.0840    1.1560    0.00%    0.0000
574    交银施罗德纯债C类    519720    1.0690    1.1400    0.00%    0.0000
575    交银施罗德精选    519688    1.0249    3.2457    -4.63%    -0.0497
576    交银施罗德蓝筹    519694    1.0872    1.1022    -5.63%    -0.0649
577    交银施罗德强化回报A    519733    1.1400    1.1800    -0.44%    -0.0050
578    交银施罗德强化回报C    519735    1.1370    1.1770    -0.44%    -0.0050
579    交银施罗德趋势优先    519702    1.3870    1.3870    -4.67%    -0.0680
580    交银施罗德荣安保本    519710    1.1060    1.3270    -4.66%    -0.0540
581    交银施罗德荣泰保本    519729    1.2480    1.3830    -1.73%    -0.0220
582    交银施罗德荣祥保本    519726    0.9520    1.3950    -1.86%    -0.0180
583    交银施罗德深证300价值ETF联接    519706    1.6020    1.6020    -4.36%    -0.0730
584    交银施罗德双利A/B类    519683    1.2490    1.5870    -0.95%    -0.0120
585    交银施罗德双利C类    519685    1.2260    1.5610    -1.05%    -0.0130
586    交银施罗德双轮动A/B    519723    1.0630    1.1430    0.00%    0.0000
587    交银施罗德双轮动C    519725    1.0550    1.1320    0.00%    0.0000
588    交银施罗德稳健    519690    1.8542    3.6352    -5.44%    -0.1066
589    交银施罗德先锋    519698    1.7806    1.8846    -7.17%    -0.1376
590    交银施罗德先进制造    519704    2.0820    2.0820    -5.45%    -0.1200
591    交银施罗德新成长    519736    1.5620    1.5620    -5.22%    -0.0860
592    交银施罗德增利A/B    519680    1.0628    1.5448    0.03%    0.0003
593    交银施罗德增利C    519682    1.0624    1.5104    0.02%    0.0002
594    交银施罗德周期回报灵活    519738    1.1290    1.2990    -0.09%    -0.0010
595    交银施罗德主题优选    519700    1.5730    1.5880    -7.03%    -0.1190
596    金鹰保本混合基金    210006    1.0880    1.2290    -0.64%    -0.0070
597    金鹰策略配置股票    210008    1.9713    1.9713    -7.08%    -0.1501
598    金鹰成份股优选    210001    0.9337    2.7970    -1.95%    -0.0186
599    金鹰持久回报分级    162105    1.0155    1.3812    -1.10%    -0.0113
600    金鹰核心资源股票    210009    1.7040    1.8040    -6.73%    -0.1230
601    金鹰红利价值灵活    210002    1.1091    2.3071    -3.20%    -0.0367
602    金鹰稳健成长股票    210004    1.6140    1.7940    -7.61%    -0.1330
603    金鹰行业优势股票    210003    1.2941    1.3241    -6.73%    -0.0934
604    金鹰元安保本混合    000110    1.0047    1.2626    -0.15%    -0.0015
605    金鹰元丰保本混合    210014    1.0780    1.1240    0.00%    0.0000
606    金鹰元泰精选信用债A类    210010    1.0165    1.2269    0.02%    0.0002
607    金鹰元泰精选信用债C类    210011    1.0158    1.2165    0.02%    0.0002
608    金鹰中小盘精选    162102    1.4443    3.0476    -4.18%    -0.0630
609    金鹰中证500分级    162107    0.8852    2.0037    -6.86%    -0.0652
610    金鹰中证技术领先    210007    1.7475    1.7475    -5.48%    -0.1014
611    金鹰主题优势股票    210005    1.1680    1.1680    -5.58%    -0.0690
612    金元惠理宝石动力    620001    1.3063    1.3663    -4.12%    -0.0562
613    金元惠理保本混合    620007    1.0420    1.1680    0.00%    0.0000
614    金元惠理成长动力灵活    620002    1.4330    1.6530    -4.08%    -0.0610
615    金元惠理丰利债券    620003    1.1560    1.1780    0.00%    0.0000
616    金元惠理核心动力    620005    1.2670    1.2670    -3.36%    -0.0440
617    金元惠理惠利保本    620009    1.1730    1.1730    -0.17%    -0.0020
618    金元惠理价值增长    620004    1.3470    1.3470    -5.27%    -0.0750
619    金元惠理消费主题    620006    1.1530    1.1530    -5.10%    -0.0620
620    金元惠理新经济主题    620008    2.0310    2.0310    -5.31%    -0.1140
621    景顺长城策略精选灵活    000242    1.2340    1.4140    -3.22%    -0.0410
622    景顺长城成长之星    000418    1.5470    1.5470    -6.36%    -0.1050
623    景顺长城鼎益基金    162605    1.5570    3.6570    -5.41%    -0.0890
624    景顺长城动力平衡    260103    0.8866    3.1766    -4.64%    -0.0431
625    景顺长城公司治理    260111    1.5610    1.9090    -6.41%    -0.1070
626    景顺长城核心竞争力    260116    2.6710    2.8210    -4.64%    -0.1300
627    景顺长城沪深300    000311    1.9250    1.9250    -3.27%    -0.0650
628    景顺长城精选蓝筹    260110    1.5330    1.5330    -4.72%    -0.0760
629    景顺长城内需贰号    260109    1.1710    2.9670    -4.87%    -0.0600
630    景顺长城内需增长    260104    5.0740    6.8900    -4.95%    -0.2640
631    景顺长城能源基建    260112    1.9530    1.9680    -1.96%    -0.0390
632    景顺长城品质投资    000020    1.8630    1.8630    -3.97%    -0.0770
633    景顺长城上证180等权重ETF    510420    1.8240    1.8240    -5.44%    -0.1050
634    景顺长城上证180等权重ETF联接    263001    1.7740    1.7740    -4.93%    -0.0920
635    景顺长城稳定收益A类    261001    1.1040    1.1140    0.00%    0.0000
636    景顺长城稳定收益C类    261101    1.0830    1.0930    0.00%    0.0000
637    景顺长城新兴成长    260108    0.9460    2.3060    -5.96%    -0.0600
638    景顺长城研究精选    000688    1.3610    1.3810    -6.33%    -0.0920
639    景顺长城优势企业    000532    1.7110    1.7110    -5.99%    -0.1090
640    景顺长城优信增利A    261002    1.2380    1.2480    -0.08%    -0.0010
641    景顺长城优信增利C    261102    1.2230    1.2330    -0.08%    -0.0010
642    景顺长城优选股票    260101    2.0963    4.0970    -4.19%    -0.0916
643    景顺长城优质成长    000411    1.5450    1.5450    -6.14%    -0.1010
644    景顺长城支柱产业    260117    1.5870    1.8670    -7.46%    -0.1280
645    景顺长城中小板创业板精选    000586    1.6840    1.6840    -7.27%    -0.1320
646    景顺长城中小盘    260115    1.6170    1.6170    -5.77%    -0.0990
647    景顺长城资源垄断    162607    1.0190    3.1000    -7.70%    -0.0850
648    民生加银策略精选灵活    000136    2.0120    2.0120    -6.38%    -0.1370
649    民生加银城镇化灵活    000408    1.6800    1.7100    -7.08%    -0.1280
650    民生加银红利回报灵活    690009    1.4710    1.7690    -5.28%    -0.0820
651    民生加银积极成长型发起式    690011    1.4550    1.4550    -6.19%    -0.0960
652    民生加银精选股票    690003    1.2140    1.2140    -7.19%    -0.0940
653    民生加银景气行业    690007    1.7850    1.7850    -4.24%    -0.0790
654    民生加银内需增长    690005    1.4510    1.4510    -7.34%    -0.1150
655    民生加银品牌蓝筹灵活    690001    1.5550    1.5850    -5.87%    -0.0970
656    民生加银平稳增利A类    166902    1.0760    1.2260    0.00%    0.0000
657    民生加银平稳增利C类    166903    1.0750    1.2150    0.09%    0.0010
658    民生加银稳健成长    690004    1.3760    1.3760    -7.03%    -0.1040
659    民生加银信用双利A类    690006    1.5260    1.5560    -1.68%    -0.0260
660    民生加银信用双利C类    690206    1.5040    1.5340    -1.70%    -0.0260
661    民生加银收益A类    690002    1.9160    2.0460    -1.49%    -0.0290
662    民生加银收益C类    690202    1.8670    1.9970    -1.53%    -0.0290
663    民生加银中证内地资源    690008    0.8270    0.8270    -5.49%    -0.0480
664    民生加银转债优选A    000067    0.9710    1.3710    -6.63%    -0.0690
665    民生加银转债优选C    000068    0.9690    1.3590    -6.65%    -0.0690
666    摩根士丹利华鑫多因子策略    233009    2.0850    2.4260    -6.71%    -0.1500
667    摩根士丹利华鑫多元收益A    233012    1.4200    1.4200    -1.53%    -0.0220
668    摩根士丹利华鑫多元收益C    233013    1.4010    1.4010    -1.55%    -0.0220
669    摩根士丹利华鑫基础行业    233001    0.7664    2.3114    -5.59%    -0.0454
670    摩根士丹利华鑫进取优选    000594    1.8150    1.8150    -6.78%    -0.1320
671    摩根士丹利华鑫量化    233015    2.1860    2.1860    -3.02%    -0.0680
672    摩根士丹利华鑫领先优势    233006    1.7821    1.7821    -6.93%    -0.1327
673    摩根士丹利华鑫品质生活精选    000309    1.4840    1.4840    -7.94%    -0.1280
674    摩根士丹利华鑫强收益    233005    1.4388    1.4738    -0.60%    -0.0087
675    摩根士丹利华鑫深证300    233010    1.7840    1.7840    -5.36%    -0.1010
676    摩根士丹利华鑫双利A类    000024    1.1850    1.1850    -0.08%    -0.0010
677    摩根士丹利华鑫双利C    000025    1.1790    1.1790    -0.08%    -0.0010
678    摩根士丹利华鑫消费领航    233008    1.6834    1.6834    -1.45%    -0.0248
679    摩根士丹利华鑫主题优选    233011    2.0450    2.0450    -7.84%    -0.1740
680    摩根士丹利华鑫卓越成长    233007    2.2614    2.2614    -7.74%    -0.1896
681    摩根士丹利华鑫资源优选    163302    2.6622    4.2372    -7.37%    -0.2118
682    纽银策略优选股票    671010    1.2790    1.2790    -3.98%    -0.0530
683    纽银稳定增利A    675021    1.0130    1.0280    -0.78%    -0.0080
684    纽银稳定增利C    675023    1.0380    1.0510    2.37%    0.0240
685    纽银稳健双利A    675011    1.1030    1.1030    -0.90%    -0.0100
686    纽银稳健双利C    675013    1.0900    1.0900    -0.82%    -0.0090
687    纽银新动向灵活    673010    1.4620    1.8120    -2.47%    -0.0370
688    农银汇理策略价值    660004    1.7167    1.7167    -4.51%    -0.0811
689    农银汇理策略精选    660010    0.8865    0.8865    -5.80%    -0.0546
690    农银汇理大盘蓝筹    660006    1.1385    1.1385    -3.66%    -0.0433
691    农银汇理低估值高    000039    1.9958    1.9958    -6.88%    -0.1474
692    农银汇理恒久增利A类    660002    1.3522    1.4662    -0.23%    -0.0031
693    农银汇理恒久增利C类    660102    1.3308    1.3918    -0.23%    -0.0031
694    农银汇理沪深300    660008    1.2986    1.2986    -3.46%    -0.0466
695    农银汇理平衡双利    660003    1.6261    1.8661    -5.49%    -0.0944
696    农银汇理区间收益灵活    000259    1.7103    1.7103    -1.15%    -0.0199
697    农银汇理深证100型    660014    1.6921    1.7721    -4.65%    -0.0826
698    农银汇理消费主题    660012    2.4640    2.5440    -6.08%    -0.1595
699    农银汇理行业成长    660001    2.5313    3.1313    -6.36%    -0.1718
700    农银汇理行业领先    000127    1.6276    1.6276    -4.85%    -0.0830
701    农银汇理行业轮动    660015    2.5487    2.6487    -6.38%    -0.1737
702    农银汇理研究精选灵活    000336    1.6162    1.6162    -6.24%    -0.1076
703    农银汇理收益A类    660009    1.3302    1.4012    -0.14%    -0.0018
704    农银汇理收益C类    660109    1.3102    1.3812    -0.13%    -0.0017
705    农银汇理中小盘    660005    2.4363    2.4663    -6.59%    -0.1718
706    农银汇理中证500    660011    2.0386    2.0386    -6.46%    -0.1408
707    诺安保本混合基金    320015    1.2540    1.5250    -2.88%    -0.0370
708    诺安成长股票基金    320007    1.4010    1.8460    -6.04%    -0.0900
709    诺安多策略股票    320016    1.7160    1.7160    -5.82%    -0.1060
710    诺安股票基金    320003    1.4430    3.3265    -4.81%    -0.0729
711    诺安鸿鑫保本混合    000066    1.4020    1.4020    -1.96%    -0.0280
712    诺安汇鑫保本混合    320020    0.9830    1.4330    -0.61%    -0.0060
713    诺安价值增长股票    320005    1.1942    2.1392    -5.51%    -0.0696
714    诺安灵活配置混合    320006    2.0130    2.5930    -5.18%    -0.1100
715    诺安平衡基金    320001    1.1204    3.3804    -5.67%    -0.0674
716    诺安上证新兴产业ETF    510260    1.4480    1.4480    -6.64%    -0.1030
717    诺安上证新兴产业ETF联接    320014    1.4080    1.4080    -6.13%    -0.0920
718    诺安双利型发起式    320021    1.3760    1.3760    -1.64%    -0.0230
719    诺安稳健回报灵活    000714    1.2660    1.2660    -0.08%    -0.0010
720    诺安新动力灵活    320018    2.0560    2.1760    -3.88%    -0.0830
721    诺安优化收益债券    320004    1.2573    1.6369    -1.08%    -0.0137
722    诺安优势行业灵活    000538    1.2630    1.2630    -0.08%    -0.0010
723    诺安增利债券A类    320008    1.3660    1.5310    -2.64%    -0.0370
724    诺安增利债券B类    320009    1.3190    1.4840    -2.66%    -0.0360
725    诺安中小盘精选    320011    2.1410    2.2010    -5.22%    -0.1180
726    诺安中证100    320010    1.1450    1.1450    -2.30%    -0.0270
727    诺安中证创业成长分级    163209    0.7740    1.8820    -3.85%    -0.0310
728    诺安中证创业成长分级之进取    150075    0.6190    2.3280    -7.75%    -0.0520
729    诺安中证创业成长分级之稳健    150073    1.0060    1.2130    0.00%    0.0000
730    诺安主题精选股票    320012    1.7000    1.8000    -4.66%    -0.0830
731    诺德成长优势股票    570005    1.9990    1.9990    -5.44%    -0.1150
732    诺德价值优势股票    570001    1.4204    1.4204    -4.54%    -0.0675
733    诺德深证300分级    165707    0.8780    1.9840    -5.39%    -0.0500
734    诺德双翼分级债券    165705    0.9530    1.1790    -1.95%    -0.0190
735    诺德优选30股票    570007    1.4900    1.4900    -6.35%    -0.1010
736    诺德增强收益债券    573003    1.0960    1.1230    -2.40%    -0.0270
737    诺德中小盘股票    570006    1.5970    2.1270    -6.11%    -0.1040
738    诺德周期策略股票    570008    2.0900    2.0900    -5.77%    -0.1280
739    诺德主题灵活配置    571002    2.0902    2.0902    -5.43%    -0.1201
740    鹏华产业债债券    000053    1.4310    1.4410    -0.49%    -0.0070
741    鹏华动力增长混合    160610    1.6200    2.0950    -5.48%    -0.0940
742    鹏华丰盛稳固收益    206008    1.1190    1.2750    -1.58%    -0.0180
743    鹏华丰收债券基金    160612    1.1150    1.5420    0.09%    0.0010
744    鹏华丰泽分级债券    160618    1.0150    1.3800    -1.07%    -0.0110
745    鹏华国有企业债    000007    1.1910    1.2000    -0.75%    -0.0090
746    鹏华沪深300    160615    1.5240    1.5840    -3.54%    -0.0560
747    鹏华环保产业股票    000409    1.6480    1.6480    -5.83%    -0.1020
748    鹏华价值精选股票    206012    1.4210    1.4210    -4.25%    -0.0630
749    鹏华价值优势股票    160607    1.1650    3.8250    -4.90%    -0.0600
750    鹏华金刚保本混合    206013    1.3980    1.3980    -0.29%    -0.0040
751    鹏华精选成长股票    206002    1.7100    1.7100    -4.15%    -0.0740
752    鹏华品牌传承灵活    000431    1.0670    1.1490    0.00%    0.0000
753    鹏华普天收益基金    160603    1.3380    3.7840    -4.77%    -0.0670
754    鹏华普天债券A    160602    1.2440    1.7580    -0.64%    -0.0080
755    鹏华普天债券B    160608    1.2260    1.6900    -0.57%    -0.0070
756    鹏华上证民企50ETF联接    206005    1.6500    1.6500    -3.79%    -0.0650
757    鹏华深证民营ETF    159911    5.2941    1.6041    -4.03%    -0.2224
758    鹏华深证民营ETF联接    206010    1.5733    1.5733    -3.83%    -0.0626
759    鹏华盛世创新股票    160613    1.8740    2.2710    -5.59%    -0.1110
760    鹏华双债保利债券    000338    1.0700    1.1420    0.00%    0.0000
761    鹏华双债增利债券    000054    1.1560    1.1560    -0.60%    -0.0070
762    鹏华消费领先灵活    160624    1.7410    1.6180    -7.06%    -0.1323
763    鹏华消费优选股票    206007    2.1180    2.1180    -3.60%    -0.0790
764    鹏华新兴产业股票    206009    2.1200    2.3300    -5.65%    -0.1270
765    鹏华信用增利A类    206003    1.2290    1.2590    -0.65%    -0.0080
766    鹏华信用增利B类    206004    1.2110    1.2410    -0.66%    -0.0080
767    鹏华行业成长基金    206001    1.1951    5.0263    -0.02%    -0.0002
768    鹏华医疗保健股票    000780    1.4780    1.4780    -6.46%    -0.1020
769    鹏华优质治理股票    160611    1.1470    1.2470    -3.13%    -0.0370
770    鹏华中国50基金    160605    1.5150    3.8850    -5.67%    -0.0910
771    鹏华中证500    160616    1.5780    1.5780    -7.07%    -0.1200
772    平安大华保本混合    700004    1.3320    1.3320    -2.49%    -0.0340
773    平安大华策略先锋    700003    1.8060    1.9060    -5.79%    -0.1110
774    平安大华深证300    700002    1.8340    1.9140    -5.37%    -0.1040
775    平安大华添利A类    700005    1.3460    1.3460    -0.59%    -0.0080
776    平安大华添利C类    700006    1.3310    1.3310    -0.60%    -0.0080
777    平安大华行业先锋    700001    1.7260    2.0060    -5.63%    -0.1030
778    浦银安盛成长价值    519110    2.3970    2.4670    -6.26%    -0.1600
779    浦银安盛红利精选    519115    1.7150    1.7150    -7.40%    -0.1370
780    浦银安盛沪深300    519116    1.3100    1.3100    -3.11%    -0.0420
781    浦银安盛消费升级灵活    519125    1.6470    1.6470    -7.73%    -0.1380
782    浦银安盛新经济结构灵活    519126    1.6310    1.6310    -6.85%    -0.1200
783    浦银安盛优化收益A类    519111    1.4630    1.4730    -0.88%    -0.0130
784    浦银安盛优化收益C类    519112    1.4290    1.4390    -0.83%    -0.0120
785    浦银安盛战略新兴产业    519120    2.4910    2.4910    -0.12%    -0.0030
786    浦银安盛中证锐联基本面400    519117    1.8890    1.8890    -6.81%    -0.1380
787    浦银精致生活灵活型    519113    1.8110    1.8710    -0.22%    -0.0040
788    前海开源大海洋战略经济灵活    000690    1.4900    1.4900    -7.28%    -0.1170
789    前海开源沪深300    000656    1.7870    1.7870    -0.17%    -0.0030
790    前海开源可转债型发起式    000536    1.2020    1.2020    -4.68%    -0.0590
791    前海开源事件驱动灵活    000423    1.0630    1.0630    -0.09%    -0.0010
792    前海开源新经济灵活    000689    1.5390    1.5390    -7.18%    -0.1190
793    前海开源中证军工    000596    2.1440    2.1440    -7.75%    -0.1800
794    融通创业板增强型    161613    1.9030    2.5130    -4.32%    -0.0860
795    融通动力先锋股票    161609    1.8050    2.3500    -8.14%    -0.1600
796    融通巨潮100    161607    1.1970    2.7110    -2.21%    -0.0270
797    融通蓝筹成长基金    161605    1.3120    2.9450    -3.95%    -0.0540
798    融通领先成长股票    161610    1.3580    3.8700    -7.11%    -0.1040
799    融通内需驱动股票    161611    1.2070    1.3270    -7.15%    -0.0930
800    融通深证100    161604    1.5090    2.8720    -4.55%    -0.0720
801    融通深证成份指数    161612    1.0210    1.0210    -5.72%    -0.0620
802    融通通泰保本混合    000142    1.2010    1.2010    -0.08%    -0.0010
803    融通通泽灵活配置    000278    0.9690    1.0490    -0.10%    -0.0010
804    融通新蓝筹基金    161601    1.2003    3.4953    -5.51%    -0.0700
805    融通行业景气基金    161606    1.0810    3.0210    -5.59%    -0.0640
806    融通医疗保健行业    161616    1.6100    1.9740    -6.23%    -0.1070
807    融通债券A/B    161603    1.1480    1.7020    0.00%    0.0000
808    融通债券基金C    161693    1.1400    1.6870    0.00%    0.0000
809    上投摩根阿尔法    377010    3.8342    5.7542    -6.25%    -0.2558
810    上投摩根成长动力    000073    1.5080    1.5080    -6.16%    -0.0990
811    上投摩根成长先锋    378010    1.5590    2.4280    -6.42%    -0.1070
812    上投摩根纯债丰利A    000839    1.0310    1.0310    -0.10%    -0.0010
813    上投摩根纯债丰利C    000840    1.0290    1.0290    -0.10%    -0.0010
814    上投摩根纯债A类    371020    1.3350    1.3350    -0.15%    -0.0020
815    上投摩根纯债B类    371120    1.3020    1.3020    -0.15%    -0.0020
816    上投摩根大盘蓝筹    376510    1.5550    1.5550    -2.99%    -0.0480
817    上投摩根分红添利A    370021    1.1520    1.2900    -0.43%    -0.0050
818    上投摩根分红添利B    370022    1.1500    1.2750    -0.35%    -0.0040
819    上投摩根核心成长    000457    1.7510    1.7510    -3.79%    -0.0690
820    上投摩根核心优选    370024    2.7600    2.7600    -6.76%    -0.2000
821    上投摩根红利回报    000256    1.0890    1.2530    0.00%    0.0000
822    上投摩根健康品质生活    377150    2.2600    2.2600    -5.44%    -0.1300
823    上投摩根轮动添利A    370025    1.0770    1.1100    -0.28%    -0.0030
824    上投摩根轮动添利C    370026    1.0710    1.0980    -0.28%    -0.0030
825    上投摩根民生需求    000524    1.9730    1.9730    -4.36%    -0.0900
826    上投摩根内需动力    377020    1.5204    1.8685    -4.41%    -0.0701
827    上投摩根强化回报A类    372010    1.3280    1.3780    -0.75%    -0.0100
828    上投摩根强化回报B类    372110    1.3080    1.3550    -0.68%    -0.0090
829    上投摩根双核平衡    373020    1.8723    2.1132    -3.45%    -0.0669
830    上投摩根双息平衡    373010    1.1189    3.0191    -5.45%    -0.0645
831    上投摩根天颐年丰    000125    1.0850    1.2490    0.00%    0.0000
832    上投摩根新兴动力    377240    2.4500    2.4500    -4.30%    -0.1100
833    上投摩根行业轮动    377530    2.0850    2.0850    -6.88%    -0.1540
834    上投摩根智选30    370027    1.7190    1.7190    -4.18%    -0.0750
835    上投摩根中国优势    375010    2.6663    5.7363    -5.63%    -0.1591
836    上投摩根中小盘    379010    2.3050    2.3450    -5.92%    -0.1450
837    上投摩根中证消费服务领先    370023    1.4990    1.6790    -3.23%    -0.0500
838    上投摩根转型动力灵活    000328    1.6480    1.6480    -5.83%    -0.1020
839    申万菱信沪深300价值    310398    1.3336    1.3336    -2.43%    -0.0332
840    申万菱信竞争优势    310368    1.7669    2.2369    -5.61%    -0.1050
841    申万菱信可转换    310518    1.7660    1.9160    -2.91%    -0.0530
842    申万菱信量化小盘(LOF)    163110    2.1700    2.1700    -6.18%    -0.1430
843    申万菱信深成指分级    163109    0.7663    0.8929    -5.83%    -0.0474
844    申万菱信盛利精选    310308    1.3300    3.1269    -3.77%    -0.0521
845    申万菱信盛利强化    310318    2.1175    2.9100    -3.17%    -0.0693
846    申万菱信添益宝A类    310378    1.1500    1.4250    -0.43%    -0.0050
847    申万菱信添益宝B类    310379    1.1560    1.4060    -0.43%    -0.0050
848    申万菱信稳益宝    310508    1.2930    1.4390    -1.15%    -0.0150
849    申万菱信消费增长    310388    1.6190    1.7170    -3.97%    -0.0670
850    申万菱信新动力    310328    1.0424    3.2030    -5.93%    -0.0657
851    申万菱信新经济    310358    1.0485    2.3804    -5.17%    -0.0572
852    申万菱信证券分级    163113    0.9313    2.0544    -0.46%    -0.0043
853    申万菱信中小板分级    163111    0.7167    1.9152    -5.64%    -0.0428
854    申万菱信中证环保产业分级    163114    0.7528    1.7459    -7.30%    -0.0593
855    申万菱信中证军工分级    163115    0.8235    1.8392    -7.91%    -0.0707
856    泰达宏利风险预算    162205    1.2681    2.8931    0.02%    0.0002
857    泰达宏利合丰成长    162201    1.6817    3.8767    -5.82%    -0.1039
858    泰达宏利合丰稳定    162203    1.1979    3.1379    -5.02%    -0.0633
859    泰达宏利合丰周期    162202    1.3349    3.3799    -5.80%    -0.0822
860    泰达宏利红利先锋    162212    1.8130    2.0520    -5.38%    -0.1030
861    泰达宏利集利A类    162210    1.4479    1.5929    -0.19%    -0.0028
862    泰达宏利集利C类    162299    1.4006    1.5466    -0.20%    -0.0028
863    泰达宏利领先中小盘    162214    1.3090    1.3090    -7.82%    -0.1110
864    泰达宏利逆向股票    229002    2.1780    2.1780    -5.55%    -0.1280
865    泰达宏利品质生活    162211    1.3230    1.7830    -5.63%    -0.0790
866    泰达宏利市值优选    162209    1.0430    1.0430    -7.62%    -0.0860
867    泰达宏利首选企业    162208    1.9109    2.2309    -7.16%    -0.1474
868    泰达宏利效率优选    162207    1.4351    3.4517    -3.16%    -0.0469
869    泰达宏利行业精选    162204    4.4398    6.2448    -4.84%    -0.2258
870    泰达宏利中证500分级    162216    1.0103    2.1120    -7.15%    -0.0778
871    泰达宏利中证财富大盘    162213    1.7325    1.7525    -2.12%    -0.0376
872    泰达宏利转型机遇    000828    1.0640    1.2840    -5.67%    -0.0640
873    泰达信用合利A类    000026    1.1850    1.2750    0.00%    0.0000
874    泰达信用合利B类    000027    1.1880    1.2680    0.00%    0.0000
875    泰信保本混合基金    290012    1.2700    1.3000    -0.24%    -0.0030
876    泰信发展主题股票    290008    1.6090    1.7490    -8.11%    -0.1420
877    泰信蓝筹精选股票    290006    1.6256    2.0506    -7.61%    -0.1339
878    泰信双息双利债券    290003    1.1063    1.4026    -0.10%    -0.0011
879    泰信先行策略基金    290002    0.9220    3.0844    -5.57%    -0.0544
880    泰信现代服务业    290014    1.8620    1.9220    -6.71%    -0.1340
881    泰信优势灵活配置    290005    1.8850    2.3950    -5.13%    -0.1020
882    泰信优质生活股票    290004    1.5385    2.1385    -6.11%    -0.1001
883    泰信增强收益A类    290007    1.1094    1.2854    0.00%    0.0000
884    泰信增强收益B类    291007    1.0995    1.2615    -0.01%    -0.0001
885    泰信中小盘精选    290011    2.1990    2.3240    -7.33%    -0.1740
886    泰信中证200    290010    1.2640    1.2840    -5.53%    -0.0740
887    泰信中证锐联基本面400分级    162907    1.0040    2.1070    -14.09%    -0.1520
888    泰信中证锐联基本面400分级A    150094    1.0140    1.1820    0.00%    0.0000
889    泰信中证锐联基本面400分级B    150095    0.9940    3.0110    0.00%    0.0000
890    天弘安康养老混合    420009    1.3200    1.3200    -1.20%    -0.0160
891    天弘精选混合基金    420001    0.7923    2.1819    -5.88%    -0.0495
892    天弘深证成份指数    164205    1.0730    1.2480    -0.09%    -0.0010
893    天弘添利分级A类    164207    1.0020    1.1990    0.00%    0.0000
894    天弘通利混合基金    000573    1.0530    1.1220    -0.09%    -0.0010
895    天弘永定价值成长    420003    1.6588    1.9938    -6.26%    -0.1108
896    天弘永利债券A    420002    1.0983    1.3969    -0.23%    -0.0025
897    天弘永利债券B    420102    1.0988    1.4286    -0.24%    -0.0026
898    天弘周期策略股票    420005    1.4670    1.8380    -6.14%    -0.0960
899    天治财富增长基金    350001    1.3584    2.9037    -4.14%    -0.0587
900    天治成长精选股票    350008    1.9820    1.9820    -5.44%    -0.1140
901    天治创新先锋股票    350005    1.9933    1.9933    -4.42%    -0.0921
902    天治核心成长基金    163503    0.8959    2.7737    -5.73%    -0.0545
903    天治可转债A级    000080    1.6020    1.6020    -2.61%    -0.0430
904    天治可转债C级    000081    1.5930    1.5930    -2.57%    -0.0420
905    天治品质优选基金    350002    1.1374    3.6624    -4.20%    -0.0499
906    天治趋势精选灵活    350007    1.0390    1.0390    -0.10%    -0.0010
907    天治稳定收益债券    350009    1.0740    1.2430    -0.74%    -0.0080
908    天治稳健双盈债券    350006    1.6510    1.6910    -0.78%    -0.0129
909    万家180指数    519180    0.9400    3.2800    -3.17%    -0.0308
910    万家公用事业行业    161903    0.8322    2.2525    -5.81%    -0.0513
911    万家和谐增长混合    519181    0.8143    1.6982    -3.39%    -0.0286
912    万家精选股票基金    519185    1.6152    1.6952    -6.68%    -0.1156
913    万家双引擎灵活    519183    1.2975    1.9875    0.01%    0.0001
914    万家稳健增利A类    519186    1.2512    1.4512    -0.15%    -0.0019
915    万家稳健增利C类    519187    1.2457    1.4257    -0.15%    -0.0019
916    万家信用恒利A    519188    1.1808    1.1808    0.05%    0.0006
917    万家信用恒利C    519189    1.1644    1.1644    0.05%    0.0006
918    万家增强收益债券    161902    1.2682    2.0964    -0.44%    -0.0056
919    万家中证创业成长分级    161910    0.7558    1.8740    -3.66%    -0.0287
920    万家中证创业成长分级A    150090    1.0070    1.1883    0.02%    0.0002
921    万家中证创业成长分级B    150091    0.5046    2.5597    -10.25%    -0.0576
922    万家中证红利(LOF)    161907    1.6025    1.6025    -5.71%    -0.0970
923    新华泛资源优势灵活    519091    1.7620    1.7620    -5.78%    -0.1080
924    新华灵活主题股票    519099    1.9220    1.9220    -0.31%    -0.0060
925    新华趋势领航股票    519158    2.1330    2.1330    -7.30%    -0.1680
926    新华鑫利灵活配置    519165    1.5690    1.5690    -7.38%    -0.1250
927    新华信用增益A类    519162    1.2300    1.2300    0.00%    0.0000
928    新华信用增益C类    519163    1.2230    1.2230    0.00%    0.0000
929    新华行业轮换灵活    519156    1.1230    2.0670    -0.09%    -0.0010
930    新华行业周期轮换    519095    2.3080    3.2080    -11.84%    -0.3100
931    新华一路财富灵活    000584    1.8050    1.8050    -7.01%    -0.1360
932    新华优选成长股票    519089    1.4921    2.5521    -7.88%    -0.1277
933    新华优选分红基金    519087    0.9334    3.6985    -4.19%    -0.0408
934    新华优选消费股票    519150    2.0430    2.4030    -7.68%    -0.1700
935    新华中小市值优选    519097    2.2030    2.2030    -5.49%    -0.1280
936    新华钻石品质企业    519093    2.0820    2.0820    -4.14%    -0.0900
937    信诚沪深300分级    165515    0.8850    1.5100    -3.38%    -0.0310
938    信诚经典优债A类    550006    1.1020    1.3100    -0.90%    -0.0100
939    信诚经典优债B类    550007    1.1010    1.2800    -0.99%    -0.0110
940    信诚精萃成长股票    550002    0.8819    2.8428    -7.30%    -0.0694
941    信诚三得益A类    550004    1.2290    1.4120    -2.07%    -0.0260
942    信诚三得益B类    550005    1.2190    1.3770    -2.01%    -0.0250
943    信诚深度价值股票    165508    1.8640    1.8640    -7.13%    -0.1430
944    信诚盛世蓝筹股票    550003    2.4860    2.8560    -6.79%    -0.1810
945    信诚双盈分级债券    165517    1.0550    1.0550    -0.94%    -0.0100
946    信诚四季红混合    550001    1.1365    2.5419    -9.41%    -0.1272
947    信诚添金分级债券    550017    1.1360    1.3100    -1.56%    -0.0180
948    信诚添金分级季季添金    550015    1.0020    1.1170    0.00%    0.0000
949    信诚添金分级岁岁添金    550016    1.3970    1.6870    -3.59%    -0.0520
950    信诚新机遇(LOF)    165512    2.1830    2.1830    -6.63%    -0.1550
951    信诚新兴产业股票    000209    1.9780    1.9780    -7.40%    -0.1580
952    信诚幸福消费股票    000551    1.8390    1.8390    -6.93%    -0.1370
953    信诚优胜精选股票    550008    1.7760    1.7760    -7.55%    -0.1450
954    信诚优质纯债A类    550018    1.2520    1.2620    -0.32%    -0.0040
955    信诚优质纯债B类    550019    1.2390    1.2490    -0.32%    -0.0040
956    信诚中小盘股票    550009    1.8010    1.9310    -7.26%    -0.1410
957    信诚中证500分级份额    165511    0.7230    1.8560    -6.35%    -0.0490
958    信诚周期轮动(LOF)    165516    2.5790    2.5790    -7.13%    -0.1980
959    信达澳银产业升级    610006    2.0660    2.0660    -6.52%    -0.1440
960    信达澳银红利回报    610005    1.3140    1.3840    -3.45%    -0.0470
961    信达澳银精华灵活    610002    1.7460    2.1660    -2.84%    -0.0510
962    信达澳银领先增长    610001    1.4901    1.8201    -6.69%    -0.1068
963    信达澳银稳定价值A类    610003    1.5360    1.5360    -0.19%    -0.0030
964    信达澳银稳定价值B类    610103    1.4940    1.4940    -0.20%    -0.0030
965    信达澳银稳定增利分级    166105    0.9770    1.1260    -1.21%    -0.0120
966    信达澳银消费优选    610007    2.0090    2.0090    -7.59%    -0.1650
967    信达澳银信用债A类    610008    1.1520    1.1520    -1.12%    -0.0130
968    信达澳银信用债C类    610108    1.1390    1.1390    -1.13%    -0.0130
969    信达澳银中小盘    610004    1.2330    1.2330    -6.24%    -0.0820
970    兴业全球保本混合    163411    1.1757    1.3647    -1.42%    -0.0169
971    兴业全球合润分级之A份额    150016    1.9630    1.9630    -4.28%    -0.0878
972    兴业全球沪深300    163407    1.4657    1.4657    -3.34%    -0.0506
973    兴业全球可转债    340001    1.1927    3.5477    -2.65%    -0.0325
974    兴业全球绿色投资(LOF)    163409    2.2770    2.2770    -6.30%    -0.1530
975    兴业全球磐稳增利    340009    1.2534    1.4794    -0.01%    -0.0001
976    兴业全球轻资产投资(LOF)    163412    2.1610    3.2250    -4.30%    -0.0970
977    兴业全球趋势混合    163402    1.4937    8.2344    -3.04%    -0.0469
978    兴业全球商业模式优选(LOF)    163415    2.0640    2.0640    -4.53%    -0.0980
979    兴业全球社会责任    340007    2.6710    2.8610    -4.61%    -0.1290
980    兴业全球视野股票    340006    2.3286    4.5946    -4.20%    -0.1022
981    兴业全球有机灵活    340008    2.4965    2.4965    -4.57%    -0.1195
982    易方达50指数    110003    1.1162    2.9662    -1.03%    -0.0116
983    易方达安心回报A类    110027    1.7040    2.2290    -1.16%    -0.0200
984    易方达安心回报B类    110028    1.6970    2.2020    -1.16%    -0.0200
985    易方达策略成长二号    112002    2.0930    3.7230    -3.99%    -0.0870
986    易方达策略成长    110002    5.1300    6.5780    -3.50%    -0.1860
987    易方达创新驱动灵活    000603    1.3330    1.3330    -3.62%    -0.0500
988    易方达创业板ETF联接    110026    2.8228    2.8228    -3.72%    -0.1091
989    易方达纯债A类    110037    1.1220    1.1680    0.00%    0.0000
990    易方达纯债C类    110038    1.1130    1.1560    0.00%    0.0000
991    易方达恒生H股ETF联接美现钞    110033    0.1893    0.1893    -1.20%    -0.0023
992    易方达恒生H股ETF联接美现汇    110032    0.1893    0.1893    -1.20%    -0.0023
993    易方达恒生H股ETF联接人民币    110031    1.1582    1.1582    -1.14%    -0.0133
994    易方达沪深300    110020    1.2926    1.2926    -3.17%    -0.0423
995    易方达积极成长    110005    1.0111    4.8262    -5.80%    -0.0622
996    易方达价值成长    110010    2.1229    2.2159    -3.70%    -0.0816
997    易方达价值精选    110009    1.6416    3.0286    -5.50%    -0.0955
998    易方达科汇灵活    110012    1.9780    6.2300    -3.79%    -0.0780
999    易方达科翔股票    110013    2.4070    7.0690    -6.56%    -0.1690
1000    易方达科讯股票    110029    1.7621    7.2074    -4.33%    -0.0797
1001    易方达量化衍伸    110030    2.0139    2.0139    -3.41%    -0.0711
1002    易方达平稳增长    110001    2.3920    3.6770    -3.94%    -0.0980
1003    易方达上证中盘ETF联接    110021    1.5127    1.5127    -5.61%    -0.0899
1004    易方达深证100ETF联接    110019    1.1898    1.1898    -3.71%    -0.0458
1005    易方达双债增强A    110035    1.1640    1.3140    0.00%    0.0000
1006    易方达双债增强C    110036    1.1450    1.2950    0.09%    0.0010
1007    易方达稳健收益A    110007    1.3925    1.8161    -0.29%    -0.0040
1008    易方达稳健收益B    110008    1.3958    1.8454    -0.29%    -0.0040
1009    易方达消费行业    110022    1.3820    1.3820    -4.56%    -0.0660
1010    易方达新兴成长灵活    000404    2.7310    2.7310    -3.91%    -0.1110
1011    易方达信用债A类    000032    1.1080    1.1080    0.00%    0.0000
1012    易方达信用债C类    000033    1.0970    1.0970    0.09%    0.0010
1013    易方达行业领先企业    110015    2.2170    2.3330    -5.22%    -0.1220
1014    易方达医疗保健行业    110023    1.9460    1.9460    -4.42%    -0.0900
1015    易方达永旭添利定期开放    161117    1.0800    1.2540    0.09%    0.0010
1016    易方达裕丰回报    000171    1.3570    1.3570    -0.80%    -0.0110
1017    易方达裕惠回报    000436    1.4150    1.4150    -0.28%    -0.0040
1018    易方达增强回报A    110017    1.3950    1.8300    -0.85%    -0.0120
1019    易方达增强回报B    110018    1.3800    1.7850    -0.86%    -0.0120
1020    易方达中小板分级    161118    0.8040    1.8786    -2.49%    -0.0205
1021    易方达中小盘股票    110011    2.7214    2.7614    -4.06%    -0.1152
1022    易方达中债新综合发起式A类(LOF)    161119    1.1173    1.1173    0.05%    0.0006
1023    易方达中债新综合发起式C类(LOF)    161120    1.1109    1.1109    0.05%    0.0005
1024    易方达资源行业    110025    0.9430    0.9430    -4.55%    -0.0450
1025    益民创新优势基金    560003    1.2037    1.2237    -7.49%    -0.0975
1026    益民多利债券基金    560005    0.9291    1.0501    -2.01%    -0.0191
1027    益民服务领先灵活    000410    2.2490    2.2490    -0.75%    -0.0170
1028    益民核心增长混合    560006    1.5950    1.5950    -5.57%    -0.0940
1029    益民红利成长混合    560002    0.5556    1.5856    -5.61%    -0.0330
1030    银河保本混合基金    519676    1.4490    1.4490    -1.09%    -0.0160
1031    银河创新成长股票    519674    2.3707    2.3707    -5.31%    -0.1330
1032    银河定投宝中证腾安价值100    519677    1.8500    1.8500    -5.85%    -0.1150
1033    银河沪深300价值    519671    1.3350    1.3350    -2.05%    -0.0280
1034    银河竞争优势成长    519668    1.8166    2.9344    -5.53%    -0.1063
1035    银河康乐股票基金    519673    1.5360    1.5360    -6.57%    -0.1080
1036    银河蓝筹精选股票    519672    1.8160    1.8160    -5.02%    -0.0960
1037    银河灵活配置A类    519656    2.0100    2.0100    -6.47%    -0.1390
1038    银河灵活配置C类    519657    2.0030    2.0030    -6.49%    -0.1390
1039    银河领先债券基金    519669    1.1540    1.2240    -0.09%    -0.0010
1040    银河美丽优萃A    519664    1.7330    1.7330    -6.43%    -0.1190
1041    银河美丽优萃C    519665    1.7040    1.7040    -6.43%    -0.1170
1042    银河润利保本混合    519675    1.2880    1.2880    -2.05%    -0.0270
1043    银河通利分级A    161505    1.2940    1.3640    -1.22%    -0.0160
1044    银河消费驱动股票    519678    1.8890    1.8890    -7.49%    -0.1530
1045    银河行业优选股票    519670    2.7530    3.4080    -6.68%    -0.1970
1046    银河银联收益债券    151002    1.2847    2.8747    -0.25%    -0.0032
1047    银河银联稳健基金    151001    1.7690    4.2861    -4.90%    -0.0912
1048    银河银泰分红基金    150103    1.4707    4.3307    -5.89%    -0.0920
1049    银河银信添利A    519667    1.0860    1.5230    -0.23%    -0.0025
1050    银河银信添利B    519666    1.0836    1.4916    -0.23%    -0.0025
1051    银河增利型发起式A类    519660    1.4200    1.4200    -0.91%    -0.0130
1052    银河增利型发起式C类    519661    1.4140    1.4140    -0.91%    -0.0130
1053    银华保本增值基金    180002    1.1411    1.2124    -0.74%    -0.0085
1054    银华成长股绩30/70    000062    1.3690    1.3690    -1.93%    -0.0270
1055    银华成长先锋混合    180020    1.4480    1.4730    -5.36%    -0.0820
1056    银华-道琼斯88精选    180003    1.0712    2.8712    -1.40%    -0.0152
1057    银华富裕主题股票    180012    1.7098    2.6628    -4.82%    -0.0866
1058    银华高端制造业灵活    000823    1.3190    1.3190    -6.12%    -0.0860
1059    银华和谐主题灵活    180018    2.1950    2.2750    -6.08%    -0.1420
1060    银华核心价值优选    519001    2.3270    7.7422    -6.40%    -0.1591
1061    银华领先策略股票    180013    1.9726    2.6426    -6.15%    -0.1293
1062    银华内需精选股票    161810    1.5420    1.4660    -6.15%    -0.1010
1063    银华深证100分级    161812    1.1500    1.2890    -3.52%    -0.0420
1064    银华消费主题分级    161818    1.7570    1.8040    -5.49%    -0.1020
1065    银华信用双利A级    180025    1.2500    1.3700    -0.40%    -0.0050
1066    银华信用双利C级    180026    1.2270    1.3470    -0.41%    -0.0050
1067    银华永泰积极A级    180029    1.2950    1.2950    -0.69%    -0.0090
1068    银华永泰积极C级    180030    1.2590    1.2590    -0.71%    -0.0090
1069    银华永祥保本混合    180028    1.3580    1.5670    -2.87%    -0.0400
1070    银华优势企业基金    180001    1.6374    3.3945    -4.35%    -0.0745
1071    银华优质增长股票    180010    2.2166    4.1352    -4.76%    -0.1108
1072    银华增强收益债券    180015    1.2710    1.5570    -0.78%    -0.0100
1073    银华中小盘精选    180031    2.7690    2.8490    -6.14%    -0.1810
1074    银华中证90分级之基础份额    161816    0.7780    1.2890    -1.87%    -0.0150
1075    英大纯债债券A    650001    1.1559    1.1559    0.03%    0.0004
1076    英大纯债债券C    650002    1.1446    1.1446    0.04%    0.0004
1077    英大领先回报混合    000458    0.8728    1.5328    -6.54%    -0.0611
1078    招商丰利灵活配置    000679    1.1430    1.1430    -0.09%    -0.0010
1079    招商丰盛稳定灵活    000530    1.1610    1.1610    -0.17%    -0.0020
1080    浙商沪深300分级    166802    1.4170    1.4980    -3.34%    -0.0490
1081    浙商聚潮产业成长    688888    1.3620    1.3620    -4.15%    -0.0590
1082    浙商聚盈信用债A类    686868    1.1720    1.1720    -1.26%    -0.0150
1083    浙商聚盈信用债C类    686869    1.1590    1.1590    -1.28%    -0.0150
1084    浙商新思维混合    166801    2.1400    2.1400    -4.51%    -0.1010
1085    中海安鑫保本混合    000166    1.3810    1.3810    -0.65%    -0.0090
1086    中海保本混合基金    393001    1.3410    1.4060    -2.12%    -0.0290
1087    中海分红增利混合    398011    0.9704    2.3704    -6.76%    -0.0704
1088    中海环保新能源主题    398051    1.2020    1.2020    -5.65%    -0.0720
1089    中海积极收益灵活    000597    1.0990    1.0990    0.00%    0.0000
1090    中海可转换A    000003    1.0400    1.2500    -6.47%    -0.0720
1091    中海可转换C    000004    1.0480    1.2580    -6.51%    -0.0730
1092    中海蓝筹灵活配置    398031    1.4810    2.1460    -5.69%    -0.0894
1093    中海量化策略股票    398041    0.8720    1.4090    -6.14%    -0.0570
1094    中海能源策略混合    398021    0.8701    1.1801    -5.88%    -0.0544
1095    中海上证380    399011    1.5720    1.9820    -4.96%    -0.0820
1096    中海上证50型    399001    1.1120    1.1120    -0.89%    -0.0100
1097    中海稳健收益债券    395001    1.2330    1.5730    -0.64%    -0.0080
1098    中海消费主题精选    398061    2.3890    2.5990    -7.90%    -0.2050
1099    中海优质成长基金    398001    0.7931    3.7328    -6.34%    -0.0537
1100    中海增强收益A级    395011    1.2380    1.2780    -0.72%    -0.0090
1101    中海增强收益C级    395012    1.2160    1.2560    -0.73%    -0.0090
1102    中欧成长优选回报灵活    166020    1.2000    1.2500    -0.08%    -0.0010
1103    中欧沪深300型    166007    1.4169    1.4619    -3.41%    -0.0500
1104    中欧价值发现股票    166005    2.1500    2.1500    -2.93%    -0.0650
1105    中欧价值智选回报    166019    2.0410    2.0410    -5.99%    -0.1300
1106    中欧盛世成长分级    166011    1.1550    2.3840    -6.78%    -0.0840
1107    中欧稳健收益A类    166003    1.0366    1.3221    0.01%    0.0001
1108    中欧稳健收益C类    166004    1.0397    1.2927    0.01%    0.0001
1109    中欧新动力股票    166009    2.2521    2.2521    -5.21%    -0.1237
1110    中欧新蓝筹灵活    166002    1.6173    2.3273    -5.04%    -0.0858
1111    中欧新趋势股票    166001    1.3449    1.6049    -6.08%    -0.0871
1112    中欧信用增利分级    166012    1.0120    1.2020    -0.10%    -0.0010
1113    中欧中小盘(LOF)    166006    1.1573    1.2073    -5.36%    -0.0655
1114    中信红利精选股票    288002    4.4830    5.8830    -5.48%    -0.2600
1115    中信经典配置基金    288001    1.5970    3.8870    -5.17%    -0.0870
1116    中信稳定双利债券    288102    1.1242    1.7846    -0.96%    -0.0109
1117    中银保本二号混合    000190    1.4050    1.4050    0.00%    0.0000
1118    中银持续增长股票    163803    1.0940    3.9635    -6.55%    -0.0767
1119    中银动态策略股票    163805    1.9831    2.5131    -5.58%    -0.1173
1120    中银多策略灵活    000572    1.2840    1.2840    0.00%    0.0000
1121    中银沪深300等权重    163821    1.7990    1.7990    -5.12%    -0.0970
1122    中银价值精选灵活    163810    1.6840    1.7040    -4.81%    -0.0850
1123    中银健康生活股票    000591    1.7760    1.7760    -5.68%    -0.1070
1124    中银蓝筹精选灵活    163809    1.4530    1.4730    -3.58%    -0.0540
1125    中银美丽中国股票    000120    1.4540    1.4890    -6.44%    -0.1000
1126    中银收益混合基金    163804    1.7581    3.1081    -5.25%    -0.0974
1127    中银稳健双利A类    163811    1.4020    1.4020    -1.13%    -0.0160
1128    中银稳健双利B类    163812    1.3780    1.3780    -1.08%    -0.0150
1129    中银稳健增利债券    163806    1.2390    1.4490    -0.24%    -0.0030
1130    中银消费主题股票    000057    1.6640    1.6640    -4.86%    -0.0850
1131    中银新经济灵活    000805    1.8050    1.8050    -7.81%    -0.1530
1132    中银行业优选灵活    163807    1.7895    2.1945    -4.65%    -0.0872
1133    中银优秀企业股票    000432    1.5980    1.5980    -5.83%    -0.0990
1134    中银中国精选混合    163801    1.6773    4.2173    -5.72%    -0.1018
1135    中银中小盘成长    163818    1.7450    1.7450    -6.73%    -0.1260
1136    中银中证100    163808    1.1300    1.1400    -2.16%    -0.0250
1137    中银主题策略股票    163822    2.3570    2.3570    -7.86%    -0.2010
1138    中银转债增强A类    163816    2.3390    2.3390    -2.78%    -0.0670
1139    中银转债增强B类    163817    2.3030    2.3030    -2.79%    -0.0660
1140    中邮多策略灵活    000706    1.3580    1.3580    -6.34%    -0.0920
1141    中邮核心成长股票    590002    0.9412    0.9412    -6.28%    -0.0631
1142    中邮核心竞争力灵活    000545    1.9020    1.9020    -6.12%    -0.1240
1143    中邮核心优势灵活    590003    1.9970    2.1770    -3.99%    -0.0830
1144    中邮核心优选股票    590001    1.5708    2.7908    -6.11%    -0.1022
1145    中邮核心主题股票    590005    1.8760    2.0360    -5.63%    -0.1120
1146    中邮上证380    590007    2.0420    2.1020    -6.76%    -0.1480
1147    中邮双动力混合    000571    1.5550    1.5550    -0.83%    -0.0130
1148    中邮稳定收益A类    590009    1.0800    1.2520    0.09%    0.0010
1149    中邮稳定收益C类    590010    1.0710    1.2430    0.09%    0.0010
1150    中邮战略新兴产业    590008    4.9040    4.9040    -6.23%    -0.3260
1151    中邮中小盘灵活    590006    2.0680    2.0680    -5.35%    -0.1170